58930.0
58828.01
58540.25
58524.21
58442.0
57986.0
58201.1
58478.64
58233.99
58205.0
57931.0
58240.52
58020.0
58175.01
57879.99
58217.0
58132.06
58127.98
58541.1
58514.0
58431.1
58351.11
57309.01
57301.86
57467.24
57423.23
57509.01
57742.01
57459.51
57785.01
57688.0
57547.99
58056.01
58402.35
58498.51
58422.01
58393.94
58181.22
58597.0
58537.99
58345.0
58514.01
58486.01
58439.99
58992.0
59047.0
59349.99
59132.13
59257.99
59388.01
59311.01
59110.99
59099.01
59186.0
58891.0
59112.0
58789.02
58874.0
59078.94
59072.0
59135.01
58398.99
57672.84
57725.0
57708.0
57698.0
57926.0
58046.0
58228.0
58134.61
57865.0
57487.73
57140.02
56784.01
56648.01
56653.98
56694.0
56252.01
56277.0
56746.0
56783.01
56596.99
56456.45
56573.0
56599.99
56490.0
57511.1
58134.0
58406.07
57878.0
57684.01
58058.01
58048.01
58100.0
58130.99
57970.9
57997.75
58021.99
57692.99
57135.42
57206.4
57194.99
56914.01
57155.1
57004.0
56797.0
56771.0
56698.01
56662.0
57028.62
56558.01
55976.01
56335.0
56602.99
56548.99
56060.01
56094.0
56150.6
56104.6
56180.0
56182.0
56558.99
56738.0
56588.0
56594.66
56491.01
56430.01
55804.29
55783.01
55889.86
56178.01
55999.09
56873.99
55896.01
54733.24
54045.01
54074.0
53935.0
53352.67
53534.28
52887.99
53766.57
53644.01
53962.97
53914.0
53813.37
53802.0
53818.91
54060.59
54185.01
54320.23
54286.0
54370.99
54251.11
54346.01
54326.0
54578.71
54546.99
54632.17
54780.0
54465.97
54134.0
54291.1
54404.01
54166.01
53926.99
53954.0
54160.86
54137.5
54275.0
54337.43
54402.99
54491.99
54344.01
54292.01
54436.25
54480.0
54456.02
54608.01
54556.08
54194.7
54399.0
54149.5
53687.0
53907.18
54510.01
54412.01
54337.01
54379.02
54464.0
54530.0
54869.95
55045.0
55103.99
55113.0
55115.0
54849.65
54668.0
54898.0
54974.01
55244.0
55152.0
55364.0
55264.87
55341.1
55686.92
54840.01
55386.0
56430.11
56514.0
56530.0
57089.54
57007.98
57454.27
57216.0
57042.0
56982.01
56900.0
56775.28
56524.74
56609.99
56945.45
56825.99
57218.57
57046.99
57086.01
57170.0
57228.0
57203.19
56741.09
56941.09
56596.0
56819.6
57175.96
57581.99
57952.01
57567.89
57507.99
57615.85
57635.99
57640.5
56717.99
56921.1
56819.55
56530.5
56244.0
56460.0
56712.0
56398.0
56677.99
56510.0
56797.99
56748.01
55740.0
55974.0
56701.23
57312.0
57694.0
57500.0
57585.5
57486.0
57352.0
57467.99
57338.0
57626.01
58137.74
57946.28
58232.72
58181.98
57968.01
57947.99
58138.16
58171.06
58022.0
57930.41
58057.99
57691.56
57627.99
57541.29
57512.03
58065.99
58389.1
58181.99
58388.0
58199.99
57921.11
58143.34
58132.32
58031.14
58129.99
58050.8
57845.97
57844.0
57946.0
57767.01
58109.31
57953.64
58058.6
58343.99
57871.1
57910.0
58056.01
58456.89
59667.38
59452.31
59584.0
59752.17
59743.99
59838.52
60283.86
60608.0
60498.0
60414.39
60406.06
60287.99
60329.37
60213.05
59926.0
60046.0
60138.14
59973.99
60070.2
59851.09
59706.39
59794.03
59769.11
59914.0
59876.0
59981.99
59885.26
59786.0
59810.0
60024.01
60036.0
60006.97
59993.03
60025.95
60235.22
60238.01
60155.93
60117.99
60160.0
60164.01
60196.0
60069.99
60016.0
59991.3
60000.51
60104.39
60189.98
60279.52
60335.41
59950.05
59814.07
59971.09
59878.22
59795.99
59651.69
59430.31
59132.0
58666.36
58607.07
58263.99
58575.09
58352.0
58670.0
58707.43
58911.1
58924.98
58636.54
58749.99
58663.99
58527.99
58497.1
57604.0
57881.69
57809.98
58176.01
57896.0
57943.99
57687.99
57995.5
57970.01
58213.99
57630.01
57896.0
58115.52
58060.0
58246.01
58642.76
58488.0
58695.39
58792.0
58966.48
59236.0
59080.99
59381.1
58966.0
60265.17
61135.5
60873.86
60958.37
60540.17
59967.99
60120.0
60334.07
60240.01
60313.99
60240.0
60114.0
60352.0
60509.99
60429.99
60241.07
60453.99
60428.01
60198.05
59654.77
59907.49
59846.0
59978.24
59508.5
59487.6
59429.18
59915.26
60013.01
60629.79
60057.99
60230.01
60199.46
60684.78
61759.99
62226.0
62005.99
62204.32
62117.99
62082.0
61990.42
62020.6
62093.99
61932.0
62272.01
62320.01
62645.44
62924.07
63035.98
62935.83
63154.04
63556.92
63709.22
63628.0
63251.99
63016.74
62879.76
62940.01
62947.99
62756.4
63037.99
63125.01
63742.16
63843.81
63809.99
63795.33
63524.8
63298.91
63468.0
63664.0
63440.0
63417.45
62836.46
63037.53
63153.99
62872.5
62704.0
62865.45
62809.13
62814.0
63116.03
63180.24
63201.05
63174.0
62836.98
62917.11
62889.57
62860.0
62908.82
62999.98
63091.02
63028.0
63115.99
62979.05
63089.77
63151.98
63188.0
63300.0
63167.98
63215.13
63279.99
63267.99
63203.59
63139.99
63088.0
63230.32
63348.96
63230.93
63046.0
62957.31
63106.0
63080.01
62938.51
62876.24
62936.0
63025.35
62702.94
62655.99
62784.0
62781.99
62589.99
62668.0
62652.12
62776.03
63062.66
62955.99
63160.0
63208.0
62779.99
63881.51
63578.76
63577.88
63826.8
63940.47
64354.0
63912.3
63754.0
63671.42
63548.82
63492.01
63635.69
63496.96
63435.04
63315.8
63185.21
63394.5
63618.0
63227.55
63318.01
63430.19
63298.56
63308.0
63380.0
63219.0
63339.99
62906.0
62942.01
63123.99
63124.0
63088.0
63215.99
63305.43
63559.92
63851.05
63524.5
63526.0
63478.34
63446.01
63519.85
63194.89
63159.99
63262.0
63775.86
63727.58
64292.34
64215.01
64030.0
64579.9
64262.7
64126.93
64390.01
64422.52
64460.0
64172.85
64170.63
63806.0
63843.33
63819.1
63609.89
63630.45
63838.01
63600.01
63761.34
63936.5
63495.66
63463.88
63168.0
63351.0
63181.5
63505.78
63437.99
63261.99
63152.01
62946.01
63154.74
63353.99
63514.34
63427.51
63594.0
63721.48
63852.07
63709.5
63798.0
64391.99
64393.99
64481.82
64428.21
64426.64
65229.03
65338.0
65132.54
65285.52
64711.06
64664.26
65052.0
65086.33
65173.99
65241.98
65119.9
64878.12
65366.01
65303.96
65354.58
65344.79
65460.02
65725.99
65754.01
65490.01
65437.35
65741.19
65678.01
66242.66
66006.01
66303.03
65915.61
65876.42
65657.99
65804.87
65816.62
65870.0
65769.95
65899.1
65994.0
66168.74
66063.76
66006.5
65953.8
65800.0
65824.01
65635.9
65628.2
65764.01
65798.01
65548.12
65528.03
65720.74
65619.13
65516.0
65633.2
65715.01
65724.0
65645.99
65692.0
65680.01
65858.0
65687.1
65872.9
65824.0
65815.92
65741.99
65594.01
65499.99
65477.01
65559.91
65579.91
65571.99
65691.92
65631.68
65817.98
65694.07
65751.34
65764.99
65818.01
65789.45
65958.82
65812.0
65868.6
65674.42
65602.01
65463.85
64769.99
64376.01
64553.68
64441.7
64525.99
64356.0
64562.01
64311.58
63541.01
63645.99
63819.44
64048.0
63874.54
63740.72
63561.41
63486.98
63696.0
63330.55
63488.0
63809.99
63706.93
63481.98
63327.59
63531.99
63458.0
63443.76
63723.48
63868.94
63749.99
64033.98
64045.92
63956.0
63864.46
63910.12
63734.0
63668.21
62866.8
62598.0
62628.85
62448.0
62151.99
61987.99
61755.99
60809.02
61142.01
60767.99
60805.78
61046.26
61522.89
61782.89
61750.47
61495.79
61489.71
61700.01
61727.4
61806.01
61271.25
61188.28
61164.01
60798.8
61350.0
61077.78
61874.01
61800.0
61628.01
60762.09
60190.01
60924.0
60831.99
60851.74
60649.28
60988.01
61024.0
61185.17
61463.99
61326.0
61176.01
61334.01
60926.0
60354.0
60720.48
61025.98
60764.74
60469.95
60382.05
60172.01
60641.5
60168.0
60632.0
60722.31
61036.0
60773.99
60807.13
60895.27
60752.71
60504.01
61218.0
61036.14
60951.99
61001.44
61224.34
61119.99
61443.64
61449.73
61339.43
61284.01
61449.84
61932.24
61580.02
61239.99
61873.04
62244.0
61983.32
62345.0
62368.0
62407.69
62274.45
62213.14
62086.0
62170.0
62069.99
61812.0
61861.99
61950.01
62149.47
62224.0
62076.19
62151.52
62252.0
62213.84
62180.0
62302.03
62153.35
62196.01
62167.66
61958.39
62016.01
61864.0
61848.48
61723.38
61857.64
62039.52
62058.0
61920.0
62081.01
61966.01
61878.66
61878.03
61938.51
61961.99
61949.01
61989.81
62066.38
62023.83
62101.92
62222.0
62257.73
62715.99
62720.01
62602.0
62591.2
62718.36
62631.38
62620.62
62303.03
62618.85
62819.91
63677.98
63819.0
63637.29
63530.51
63466.66
63380.01
63706.0
63531.99
63554.62
63210.83
62891.48
63135.44
62883.33
63457.36
63991.89
63651.6
63819.9
63819.99
62848.0
63382.0
63020.0
63373.99
62471.08
62224.0
62552.98
62630.01
62785.78
62629.8
62694.9
62517.35
62509.42
62319.99
62409.46
62537.38
62519.78
62624.01
62440.0
63035.27
62778.0
62288.01
62570.0
62393.94
62110.72
62245.53
62400.02
62443.74
62175.01
62160.49
62154.0
62414.55
62264.01
62394.07
62347.78
62524.09
62430.0
62276.78
62149.99
62264.02
62150.0
62200.0
61980.0
61800.99
61872.99
62316.0
61814.01
61748.0
61196.01
61031.98
60420.01
60902.01
60798.01
60636.02
60437.61
60803.02
60882.08
60865.29
60865.9
60941.48
61143.85
60900.0
60815.7
60935.15
61075.56
61262.0
60962.0
60940.01
60593.95
60789.36
60298.12
59611.01
59502.01
59727.28
59799.83
60198.77
60148.01
60326.39
60194.01
60578.55
60553.31
60614.0
60699.99
60600.0
60800.0
60674.69
60669.39
61086.0
61160.0
61174.87
61379.0
61676.0
61753.65
62259.05
62272.0
62918.0
62922.08
63086.01
62993.68
62848.48
62450.27
62540.0
62840.0
62733.67
62554.97
62568.0
62583.58
62778.01
62679.91
62767.57
62725.58
62843.32
63043.73
62936.91
63056.26
63072.12
63234.99
63157.49
63064.06
63103.47
62936.01
63000.01
63043.29
63221.16
63296.63
63206.22
63190.23
62879.26
62867.2
62712.31
62814.0
62853.92
62867.29
62843.48
62809.99
62830.0
62700.99
62561.33
62664.01
62660.0
62249.6
62229.31
62629.1
62515.59
62414.0
62734.32
62762.91
62895.11
62837.99
62870.02
62520.18
62631.83
62614.0
64299.99
64137.99
63941.54
64095.99
64620.87
64427.99
64822.23
64860.18
64920.06
64868.05
65150.01
65922.0
65870.0
65703.99
65640.01
65769.59
65939.4
65925.97
65782.14
66454.0
66083.99
65929.99
65866.48
65759.99
65400.0
65599.99
65363.24
65564.98
65638.74
65754.0
65637.99
65679.94
65399.69
65802.01
67658.0
65376.0
66022.0
66868.2
66808.01
66901.15
66970.18
66469.41
66432.0
66747.58
67074.14
66874.04
67375.99
67280.01
67095.98
67000.0
67218.74
67050.0
66972.53
67129.82
67420.01
67733.54
67894.72
67832.0
67386.0
67671.91
67749.99
67823.88
67942.0
67822.74
67728.0
67630.01
67566.9
67790.01
67620.01
67709.99
67893.98
67472.01
67601.4
67260.0
67340.82
67162.87
67303.18
67450.0
67191.4
67214.0
66872.43
67171.42
67021.99
67123.8
67590.66
67384.42
67290.0
66938.01
66840.0
66940.0
67084.0
67444.02
67421.78
67214.42
68085.5
68103.99
67555.4
67742.72
68000.79
68108.0
67969.7
67922.45
67802.0
67874.92
67702.0
67662.0
68196.0
68426.98
68735.35
68787.88
68710.14
68892.42
68608.01
68432.0
68412.0
68205.6
68428.0
68334.2
68340.02
68459.59
68450.01
68334.01
68390.01
68335.83
68346.54
68409.99
68352.0
68244.0
68090.3
68222.0
68114.7
68300.01
68226.93
68042.0
68121.99
68179.99
68181.98
68245.18
68222.43
68330.0
68378.0
68231.24
68158.0
68177.01
68188.0
68235.99
68214.0
68400.01
68378.0
68394.0
68434.2
68376.05
68420.01
68268.36
68451.85
68637.99
68625.99
68505.47
68562.0
68604.0
68508.29
68781.98
68770.0
69137.28
69031.99
69160.0
69210.89
68710.0
68939.99
69039.0
68979.97
68699.36
68514.0
68301.46
68378.0
68281.49
68238.01
68207.27
67312.0
67268.0
67341.02
67327.0
67526.01
67335.05
67763.0
67749.99
67803.21
67781.07
67377.5
67149.73
67508.29
67317.23
67390.02
67493.34
67579.99
67572.01
67402.0
66934.07
66960.02
67184.56
67299.15
66984.0
66998.21
67559.03
67282.27
66966.07
67331.58
67385.0
67482.98
67532.0
67534.85
67724.0
67426.0
67179.13
67348.46
67096.0
67082.1
67217.48
67087.06
66917.55
66852.34
66530.0
66516.0
66398.19
66414.0
66416.72
66800.0
66490.0
66223.44
65878.02
65723.32
66057.79
66472.0
66669.0
66414.01
66472.96
66668.65
67432.01
67268.17
67459.63
67213.16
67382.19
67364.0
67119.99
67123.08
66852.87
66876.0
66999.99
67285.99
67517.75
67905.99
67786.27
67701.22
67574.14
67653.44
67832.0
68309.79
68196.0
68348.01
68183.78
68198.28
67989.27
67969.7
68066.99
68008.0
67744.0
67757.21
67646.21
67531.97
67658.5
67837.28
67855.23
68105.79
68061.9
68334.0
68311.31
67690.01
67670.0
66836.01
67026.61
66850.0
66937.99
67297.9
66626.42
66698.33
66736.0
66711.99
66847.18
66914.0
66948.07
67132.0
67170.03
67007.99
67134.65
67054.75
67053.96
67138.0
67034.11
66894.0
66797.99
66886.49
66979.99
67062.0
67042.0
67177.99
67265.46
67176.82
67132.0
67092.76
67014.85
67074.94
67054.0
67289.57
67160.0
67181.82
67186.0
67204.01
67226.0
67149.45
67088.0
67128.04
67400.0
67616.0
67695.99
67791.99
67828.0
67759.7
67560.0
67850.0
67762.01
67930.01
68124.0
68021.7
67859.91
67751.89
67803.99
67727.59
67744.29
67909.85
67959.15
68415.52
68328.0
68574.0
68625.87
68753.78
68908.01
68819.99
68840.0
68494.2
68709.27
68984.0
69212.12
69629.98
69644.56
69791.0
69961.65
69962.21
69960.88
70310.58
71190.05
70938.14
71088.01
71039.99
71248.45
71017.97
71134.01
71301.42
71171.32
71452.01
71108.01
71804.0
71867.09
72402.01
72739.44
72721.5
73170.01
72536.16
72336.22
72289.98
72660.0
72736.42
72289.99
72415.36
72342.99
72234.0
72282.0
72498.0
72306.31
72227.99
72241.35
72576.01
72378.02
71983.99
71862.17
71966.0
72411.79
72061.34
72110.86
71894.72
71974.75
71822.01
72857.14
72388.1
72397.4
72344.74
72165.99
72370.0
72553.01
72353.74
72273.99
72282.0
72212.12
72417.19
72276.05
72304.7
72639.27
72226.0
72114.0
71308.0
70752.02
70620.0
70403.58
70785.28
70633.67
70092.07
70026.73
70442.39
70480.0
70292.01
70173.73
69402.01
69579.89
69369.99
69592.0
69609.29
69212.13
69273.7
69376.1
69534.9
69989.65
70002.01
70354.87
71200.44
71271.17
69387.77
69920.73
69586.01
69151.66
69268.0
69248.95
69263.99
69440.01
69496.01
69665.99
69668.1
69661.96
69599.99
69568.0
69710.0
69744.86
69813.91
69630.95
69558.86
69623.63
69608.0
69459.05
69365.99
69263.48
69393.17
69587.98
69401.99
69422.93
69510.0
69540.0
69442.0
69434.0
69374.74
69159.76
69010.13
68214.91
68379.89
68592.01
68432.0
68569.99
68397.42
68480.01
68242.43
68441.99
68358.86
68486.05
68048.13
67777.0
68090.9
68152.01
68359.98
68018.0
68679.0
68970.07
69145.35
68880.01
68775.99
68712.0
68970.01
69305.56
69047.86
69150.31
68820.01
69126.18
68618.0
68699.99
68640.83
68834.05
68792.71
68978.2
68662.39
68394.01
68646.01
67756.0
67830.0
67651.81
67856.0
67348.0
67120.57
67920.01
67850.01
68030.0
67997.31
67880.77
68243.0
68323.01
68741.5
68779.9
68893.99
69038.01
68776.49
68764.29
68810.03
68865.09
68820.0
69964.0
69639.99
70191.98
69949.66
70229.99
68995.99
69445.99
69160.0
69594.0
69372.01
71096.04
71128.81
73077.05
74348.53
74261.07
74768.38
74252.57
73370.89
73456.04
73756.34
73830.01
74272.01
74171.47
73987.05
73640.0
74298.0
74333.99
74452.01
75229.99
75823.55
76101.99
75890.0
75638.49
75571.99
75349.08
75386.0
75276.01
75048.01
74707.34
74755.49
74768.27
74757.58
75150.0
74916.76
75031.2
74746.0
74991.88
74672.53
74822.0
76059.69
75893.99
76257.89
76604.01
76530.39
76431.48
75876.49
75872.0
75857.89
76005.25
75983.91
75711.14
75890.79
75832.14
75975.32
75876.0
76148.49
75802.0
75947.69
76229.98
75934.46
76067.55
76268.13
75752.0
76427.72
75919.3
76385.99
76812.0
76912.58
76591.33
76483.09
76369.12
76509.78
76430.0
76310.0
76422.98
76341.47
76377.99
76552.0
76510.0
76529.08
76539.99
76554.0
76468.01
76487.11
76280.27
76426.39
76355.61
76319.9
76087.18
76238.77
76356.53
76204.92
76294.0
76451.6
76519.9
76677.46
76884.01
76702.31
77033.99
77205.96
79122.02
79064.16
78903.42
78832.37
79130.1
79368.0
79540.74
79844.01
79654.0
79728.01
79508.01
79694.03
79775.99
80333.01
80538.04
79748.99
78950.01
79873.97
80614.01
80370.01
80579.99
81214.0
81431.17
81612.23
81440.01
80731.99
80900.68
81109.1
81239.53
81695.33
81984.19
82134.0
82168.91
81835.74
82484.9
84059.54
84200.0
84603.99
85831.99
86102.21
86922.65
87900.01
87979.28
88647.99
88978.57
88542.51
87694.53
88047.46
88430.57
88378.46
89545.46
88983.35
89280.01
87630.89
86787.51
87155.55
86348.01
86330.52
87001.51
86632.0
87030.31
86966.07
88796.41
88704.28
89473.1
88240.32
88592.0
87952.01
88040.0
88253.53
87868.0
87136.0
87172.01
86545.99
86500.0
87356.0
87228.68
87400.02
87535.55
87669.39
87626.96
89152.01
91508.0
92540.01
92256.0
92218.87
92824.0
90193.51
89691.99
88539.77
89715.12
90375.2
90104.93
90372.01
90104.01
89937.02
90123.99
89957.22
89300.69
90769.42
90558.28
90909.01
91103.0
91491.86
91243.17
90754.42
88720.03
87947.99
89198.31
89239.35
89111.55
89463.99
87612.66
88227.22
87640.01
87325.59
87870.27
88098.99
88364.07
88218.21
87454.57
87724.0
88182.67
87612.0
88082.96
89195.99
89354.55
89741.25
89753.84
90148.0
89107.98
88445.41
89375.99
89484.85
89387.99
90377.89
91447.98
91678.78
91208.0
91032.07
91000.0
91249.29
91405.54
91252.03
91269.69
91350.34
91192.0
91117.53
91425.98
91235.24
91393.93
91169.69
90894.74
90755.99
90968.0
90521.2
90612.65
90904.03
91303.04
91100.24
90752.01
90993.5
90328.39
90586.92
90808.0
90272.74
90024.01
90247.86
90576.0
90470.13
90645.44
90550.8
90985.11
91295.24
91056.0
90684.19
91080.68
90504.01
90310.91
90260.01
90446.92
90578.66
89936.0
90044.0
89636.0
89137.98
89556.0
89855.99
89940.0
90747.57
90493.89
90668.58
90441.3
90615.71
92061.84
91719.9
91810.61
91710.6
91769.42
90275.13
90517.13
89502.23
90308.01
92309.51
91403.12
91564.69
90356.8
90608.26
91473.42
91276.33
91148.02
90464.08
91042.94
90714.26
91236.0
91428.0
91528.0
91877.0
91959.11
91620.01
91780.99
91694.38
91750.77
91652.02
92467.99
91142.28
91824.0
92391.99
92553.79
92853.76
93646.15
93227.87
92458.0
92196.82
91826.19
92310.79
92044.19
91976.79
91748.0
92039.99
92121.21
92505.47
92372.95
92850.38
93200.0
93100.01
93278.5
93454.65
93531.95
94382.88
94627.41
94739.97
94048.0
93916.34
93684.0
94000.0
94271.99
94365.92
94160.55
94286.56
94709.61
94702.49
94404.13
95798.12
97554.22
97328.0
97004.02
96912.01
97107.99
97613.24
97756.0
97974.99
97317.93
97512.01
97042.86
96672.0
97147.99
98048.65
98280.01
97829.83
98118.16
97973.8
98356.0
98317.12
97987.57
98081.6
98617.46
98836.5
98797.21
98790.97
98999.99
99173.7
98815.79
98702.0
98400.0
98870.38
98621.04
97763.54
97296.0
98664.0
98865.3
98801.87
99108.87
99079.74
99163.99
99272.72
98627.35
98892.0
98634.89
98590.0
98483.54
98666.67
98576.14
98755.15
98709.9
98560.85
98451.98
98449.07
98408.55
98429.99
98598.75
98532.08
98744.37
98400.0
97708.85
97900.79
97839.99
97504.0
97703.52
97962.8
97631.99
97672.4
97919.5
98182.4
98390.66
98200.1
98169.21
98264.44
98360.02
98431.05
98067.75
97936.47
97668.85
97280.03
96899.99
97214.93
97029.95
95901.51
96404.0
95902.83
96537.56
96320.02
96826.49
96974.89
97999.99
97900.04
97714.28
97205.23
97368.63
97898.8
97800.0
98082.69
98082.86
98047.34
98217.77
98492.96
98319.34
98188.09
97900.0
97468.3
95385.49
96000.56
95912.0
95238.09
95139.99
94669.48
94955.89
93747.8
94404.49
93010.01
93836.5
94857.15
94587.98
94464.0
94309.52
94647.96
94495.96
93785.71
93142.85
93519.62
92327.99
92356.85
92164.21
92168.84
93274.15
92813.0
94029.43
93547.99
92119.99
91683.89
91036.01
91700.08
91811.14
91965.16
91939.33
92753.86
92943.34
92588.0
92568.0
92768.01
93068.16
93597.16
93433.21
93403.5
93821.35
93367.99
93499.99
94264.0
94833.41
95556.01
95689.19
96247.24
96119.51
96627.99
96482.75
96267.86
96047.47
95863.11
96552.01
96273.95
95699.79
95471.43
95742.72
95443.43
95479.07
95299.66
95456.01
94976.0
94958.74
95452.01
95484.01
95711.25
95376.04
95007.14
94972.0
94864.31
95290.21
95119.48
94820.01
95099.99
95651.79
95643.98
95476.01
95920.0
96739.98
96590.36
96263.83
96153.86
96266.19
95625.05
95979.99
96355.39
96844.01
97237.91
96929.07
97223.36
98002.01
98019.47
97779.99
96968.29
97175.99
97329.73
97307.98
97386.07
97292.69
97460.0
96968.06
96425.22
96609.21
96640.02
96680.18
97102.32
96639.66
96783.38
96953.49
96779.98
96137.48
96267.99
96553.23
96405.34
96462.64
96645.41
96871.31
96780.38
96966.37
97019.68
96967.99
96792.02
96466.11
96407.99
96340.6
96106.62
95776.22
96336.75
96515.52
96308.83
96327.66
96472.97
97048.01
97030.15
96811.99
97108.89
96774.49
97071.93
97289.78
97028.02
97187.98
97299.97
97118.69
97178.73
97099.99
97767.62
97562.56
97185.18
97436.75
97964.93
97644.76
96483.75
96708.0
96359.99
96279.99
95999.99
95053.66
95493.18
94972.01
95128.68
94972.02
95679.99
96321.27
97048.0
96167.46
94604.03
95646.14
95816.0
95666.66
95406.88
95372.0
95840.62
95804.03
95524.08
96035.49
96079.36
95920.64
96155.18
95632.22
95550.0
95528.0
95256.01
94697.9
94988.01
94813.58
93715.98
95235.25
95682.54
95112.0
95828.0
95481.15
95428.6
95615.06
96000.0
96117.76
95849.69
95746.42
96216.0
95788.0
95770.32
96024.8
96480.22
96539.68
96588.81
96687.53
96815.78
96512.0
96190.41
95967.98
95665.51
95822.99
95742.81
94847.81
95546.62
96111.01
97209.64
98747.97
97691.11
98174.61
98587.32
98296.01
98179.14
101248.19
102964.0
103339.96
102450.01
101904.02
102236.1
102764.0
102698.24
102280.62
102566.91
102846.15
102753.9
103507.99
101292.01
101037.51
101282.36
100179.24
99028.0
99072.84
98908.02
96589.04
96945.63
97551.99
98118.38
97589.74
97735.29
97877.5
97864.01
98079.96
98138.54
98345.38
98000.0
98124.78
98069.62
97636.29
98591.99
99481.69
99309.99
99004.07
100844.05
101363.95
101439.99
101360.0
100372.01
100504.0
99740.84
100272.01
100044.31
99930.01
99299.63
99494.57
99155.98
99336.27
99405.2
99414.76
99676.48
99529.5
99620.0
99426.87
99350.0
99465.3
99756.01
99621.56
99631.97
100123.32
100077.45
100313.57
99869.8
99595.11
99831.99
99978.38
99848.36
100146.9
99934.82
99756.01
99534.26
99675.96
99675.11
98980.01
98884.02
99249.22
99701.16
99922.48
100408.8
99726.73
99912.01
99832.96
99943.98
99660.98
100100.98
99800.01
100026.97
100220.01
101109.59
99656.36
99528.54
99195.89
99090.84
99427.99
99435.87
99044.64
99576.51
98901.15
98406.08
98714.52
98088.47
98601.05
99004.03
100156.26
97812.0
97844.06
97368.04
97776.66
97070.32
96252.01
96892.0
96984.01
97276.47
97867.91
97946.0
96660.01
96931.99
97031.97
96941.99
97464.6
97196.44
97385.72
97489.1
97687.5
97722.52
97161.5
97738.36
97820.01
95658.79
96319.77
94484.01
95132.03
95856.5
96434.76
96858.0
96849.44
96593.0
96412.61
95752.02
97207.29
97398.43
97546.96
97495.19
97689.57
97334.6
98109.9
97999.99
98214.29
98292.61
98236.0
98736.86
99515.98
100361.64
100575.99
99781.9
100388.71
101122.71
101271.56
101520.12
101209.74
101125.0
100772.46
100496.3
101824.76
101025.87
100675.7
100618.86
100584.37
100499.99
100980.0
100814.07
100579.44
100358.42
100828.0
100911.99
101702.04
101797.14
101462.49
101617.65
100857.59
99481.32
100028.01
99760.01
100444.0
100004.29
100083.21
99323.94
99484.99
99729.09
100000.46
99890.0
99700.0
100130.0
100272.0
100100.0
100457.62
100353.37
100299.85
100284.35
101018.12
99873.16
100988.01
101737.89
101495.91
101462.34
101680.0
101303.64
101227.28
101424.25
101301.07
102145.28
102032.61
102088.0
101681.81
101722.8
101906.05
101824.0
101803.03
101551.28
101550.58
101583.99
101297.96
101170.05
101434.3
101625.12
101650.76
100988.0
100895.98
101313.54
100760.0
101074.68
101117.63
101420.0
101442.42
102134.48
101831.15
101733.82
102366.17
102159.29
101759.8
101732.09
102015.15
102264.34
102280.0
102671.44
102946.54
102784.65
102994.37
102704.01
103127.08
103164.0
103204.0
103252.95
103144.83
102859.06
103277.32
104463.99
105444.95
105531.99
104585.32
104582.28
104686.15
105028.0
105149.98
104992.79
104535.44
104676.72
104684.99
103757.99
103656.02
103908.02
105487.0
106332.01
106824.95
107078.55
107078.6
106583.12
105808.36
106057.77
105815.99
106058.66
105856.51
106376.0
106269.14
106866.49
106500.77
106817.43
106549.98
106805.75
107406.61
107306.03
107209.67
106808.31
107136.01
107298.42
108258.39
106478.47
107075.72
107506.37
106551.89
106475.89
106732.98
106411.54
105972.01
106133.74
106098.93
105332.84
105312.91
104763.98
103868.01
103572.17
103794.65
104250.75
103805.43
104047.99
104531.03
105028.33
104920.01
104580.58
104019.93
104428.54
104199.62
104656.18
104808.99
102817.82
100846.67
101010.55
101152.45
100204.01
100831.16
99768.97
100534.56
101193.15
100671.62
101300.01
101200.01
101656.57
101640.4
101815.99
102409.34
102449.99
101988.0
101952.44
100942.41
100679.86
100716.3
98855.86
98932.73
97199.72
96409.54
97417.66
98391.21
97461.86
97248.22
96319.99
97632.59
97106.02
97304.07
96734.32
97281.37
97832.53
95473.74
94811.85
94359.53
92723.98
93941.75
95204.0
95627.99
96991.62
96727.99
97206.59
96993.58
97116.0
96451.88
96623.29
97463.93
97805.44
97525.77
97357.23
97396.0
97487.46
97588.0
98691.98
98726.76
99040.0
98650.0
98565.82
98131.22
98262.08
97131.99
97344.54
97083.11
97527.97
97292.0
97595.28
97400.01
97269.03
97456.91
96892.0
97147.46
97291.99
97253.01
97060.01
96719.99
96994.37
96076.01
96156.19
96739.99
96210.24
96534.5
96940.27
97009.03
97101.28
96987.61
96976.0
95363.44
95377.72
95715.09
95612.19
95955.22
94836.55
95592.49
95203.11
95547.41
95186.27
94390.84
94449.99
94723.96
96025.15
95832.03
95608.02
94824.83
95404.01
95503.87
96013.72
96392.39
95932.42
96305.0
94924.34
94389.67
93250.37
93980.61
93364.26
92758.55
93044.79
93186.34
93964.01
95191.81
94881.47
94550.22
94123.43
93961.45
94348.75
94412.3
94606.06
93918.99
94233.19
94495.77
94068.01
93972.01
94398.6
94304.32
96085.02
97465.06
98300.0
98496.23
98797.47
98618.66
97581.09
97298.01
98397.96
98777.11
98663.58
98418.42
97983.18
98131.07
98029.48
98236.01
98279.28
97884.38
98084.33
98069.71
98189.54
98457.0
97907.61
98176.03
98462.56
98710.0
98519.98
98425.51
98570.82
98756.26
99018.52
99144.62
98506.36
98811.16
99429.6
99028.66
99057.01
98750.34
98995.17
98300.0
98375.01
98121.2
97719.99
95878.56
95439.25
95500.02
95695.81
95680.71
95704.44
95449.36
96042.88
96519.47
95824.27
95743.44
96102.25
95589.6
95812.63
95821.92
95791.6
95794.56
95917.03
96073.77
96417.84
96300.0
96238.89
96594.16
95104.76
95724.02
96774.13
96605.46
96952.38
96686.75
96407.99
95691.99
94573.75
94165.92
94291.3
94566.06
94750.0
94588.12
94526.07
94437.75
94299.03
94398.75
94556.93
94338.0
94594.91
94524.0
94625.64
94466.49
94381.99
94488.01
94589.27
94619.99
94754.83
94599.57
94665.94
94583.99
94447.29
94874.89
95022.57
94837.31
95027.76
95083.05
95171.67
95326.4
95300.0
95148.49
94857.65
95154.5
95172.4
95126.39
95118.89
95181.7
95272.04
95123.33
95190.49
95167.83
95032.57
94907.89
94928.2
94623.67
94511.12
93900.01
93945.01
93652.0
93612.89
93858.55
93352.65
93135.32
93738.2
93583.96
93948.42
93906.41
93722.71
93280.26
93581.53
93901.29
93731.65
93851.11
93892.35
93793.27
93923.14
93750.69
92680.52
91883.99
92130.21
92120.6
93832.83
94583.99
94417.04
94338.8
92076.0
92784.75
92792.05
92450.0
92435.57
92476.35
92509.59
92448.0
92596.08
92816.0
92860.75
93933.38
94023.88
94113.69
94232.68
94539.85
95587.12
95679.17
95412.0
94868.42
94120.94
93875.68
94166.88
93564.04
93899.68
93488.84
93576.0
94401.14
93607.74
94098.91
93838.04
93553.91
93792.02
93757.58
93684.1
93428.46
93413.06
93326.23
93444.64
93820.76
94031.76
94175.89
94432.94
94090.49
94143.85
94340.06
94627.07
94786.23
94978.48
94802.98
94591.79
95128.59
94862.72
95234.36
95010.33
95708.07
95596.48
95574.99
95822.0
96150.0
96755.51
96708.0
96732.99
96850.01
96458.17
97256.49
96455.01
97229.74
96757.57
97319.74
97317.74
97306.46
97212.68
96911.04
96984.79
96825.82
96985.47
96966.85
97062.3
96813.41
96765.34
96539.49
96304.0
96129.97
96554.32
96488.53
96757.58
96666.66
96504.79
97016.01
97521.35
97868.2
98026.0
98527.98
98592.01
98311.52
98272.7
98296.37
98174.18
97950.01
98040.0
98304.51
98200.0
98001.0
98126.21
98127.54
98271.88
97906.07
97690.37
97789.32
97889.39
97888.12
97973.05
98035.04
97657.94
97704.6
98016.26
97961.56
98166.26
98599.02
98362.43
98417.25
98220.5
98213.43
98123.53
98227.48
98187.96
98357.46
98358.98
98451.47
98268.77
97861.04
97652.2
97737.48
97641.63
97770.01
97689.96
97855.06
98028.98
98035.17
97731.08
97918.91
98079.63
98275.71
98496.52
98695.21
98363.61
98217.23
98759.43
98815.39
99037.57
99466.09
99600.0
99512.21
99318.7
99043.49
98999.99
98767.96
99259.99
99157.12
99492.51
100737.03
102147.95
102158.67
101831.95
101738.8
101817.22
102127.38
101611.92
102011.98
102235.6
102042.46
101915.66
101677.66
101708.08
101667.02
101743.47
101820.53
101664.81
101905.08
101723.19
101406.78
100830.86
100750.89
100636.8
99979.69
97952.26
97733.58
97277.31
96750.86
96451.98
96533.35
96501.22
97164.0
96954.61
97268.49
96907.15
96878.14
96525.2
96274.81
96492.01
95284.31
95657.09
95945.99
95432.82
95961.02
95134.92
94888.01
95384.0
95288.01
95493.77
94787.87
94030.82
94242.61
94243.89
93980.0
94468.97
95290.93
95060.61
95135.3
94983.82
94776.99
94027.9
94424.24
94472.58
94095.03
93221.59
93030.87
93516.62
93462.43
93465.23
93421.94
91986.42
92863.8
94244.02
94250.95
92693.11
93020.11
91909.59
91903.22
92108.84
92456.32
92552.49
92775.84
93102.52
93364.36
93696.13
93837.69
93956.83
94252.83
94492.63
94680.01
94793.08
95215.73
95073.95
95023.44
93557.23
94115.63
93730.92
93645.05
95793.05
94861.62
95327.06
94672.05
94613.26
94767.7
94726.11
94600.69
94424.26
94424.24
94206.95
94063.29
94366.69
94216.25
94246.36
94074.79
94329.45
94488.86
94625.65
94550.01
94400.01
94620.0
94410.26
94448.14
94151.52
94275.79
94249.26
94586.11
94940.76
94593.8
94599.99
94452.07
94580.0
94625.25
94622.4
94587.99
94571.43
94381.78
94323.85
94170.01
93906.22
94015.16
94255.1
94328.2
94663.78
94811.0
95071.9
95046.76
95139.45
94992.64
94650.26
94687.69
94352.7
93962.91
94545.06
95325.43
94218.01
94217.43
94269.23
94503.34
94181.37
93637.37
93590.24
93039.1
92846.79
91644.96
90851.22
90732.0
91131.41
91833.03
92123.75
91343.2
91983.96
92077.65
92312.18
93575.53
94193.49
94399.98
94536.1
94470.77
94834.5
94882.65
94861.4
95119.19
94916.08
95031.94
94864.0
95488.5
97159.44
96697.08
96548.04
95988.0
96336.0
96293.6
96471.65
95745.43
96527.96
96777.8
96537.8
96505.04
96486.09
96691.91
96560.86
96889.36
97349.62
96824.06
97317.12
97189.71
97029.97
97105.48
97301.35
97202.26
96816.47
96933.59
96762.18
96942.93
98964.0
99434.41
98992.42
98995.58
98645.65
99446.14
99844.9
99566.4
99672.0
99713.46
100497.35
99869.26
100082.35
99637.77
99478.03
99610.0
99382.11
99801.23
99799.99
98955.8
99152.93
99214.25
99158.71
99392.09
99084.04
97618.89
99296.17
99346.39
99838.54
99584.24
100417.2
100343.99
100156.98
99838.25
99987.3
100120.58
101659.8
101100.0
101051.73
101481.29
101334.05
101408.99
101440.5
102136.01
101861.26
102321.53
102237.6
102745.69
102474.14
103378.95
104000.0
104972.81
104125.46
104835.68
105834.93
104692.7
104604.49
104410.39
104077.48
104656.87
104268.14
104327.98
103559.82
103599.27
102829.27
103440.39
102821.75
103272.0
103159.29
103184.64
103589.29
103457.34
104365.81
103993.03
104568.96
103253.66
103826.16
104084.74
104382.01
104035.42
103889.29
104291.3
104556.23
104108.0
104486.83
104877.96
104984.01
105032.03
105116.52
105568.29
105167.12
104428.24
105299.81
104823.86
104363.23
104936.54
104964.71
105160.0
104936.35
104963.11
105115.8
105042.9
106200.0
106275.49
103684.44
103414.0
101331.57
99794.51
100692.82
101926.42
101891.93
102232.34
102344.2
107486.5
107120.65
108320.01
108132.05
107964.56
108239.19
106917.59
107956.31
107866.65
104957.99
106670.38
102963.32
103930.66
103691.63
103647.16
102596.0
103608.0
102260.01
101187.75
101498.24
102545.56
102936.01
102344.2
101365.98
102176.04
101989.05
102466.81
102707.08
103160.85
103758.25
104519.98
104457.07
103260.91
103943.0
104965.99
106173.26
106861.18
107031.34
106137.51
106772.23
105996.01
106143.82
105948.0
105799.99
105583.89
105600.01
105578.41
105689.15
105379.81
105084.77
105270.03
104984.83
105142.76
105100.39
105275.86
104073.94
104393.66
104180.01
103704.64
104345.8
103896.01
104630.0
104321.1
104088.03
103866.79
103706.66
103307.51
102931.94
102655.34
102461.25
102075.22
102532.52
102256.7
102710.27
102215.75
101672.01
101683.61
101944.49
101635.58
102512.28
105213.5
105263.52
105139.18
105927.78
105424.39
103770.04
103284.48
103079.08
103978.82
103910.34
103446.62
103234.3
103016.01
103891.75
104631.99
105222.15
104991.01
105046.8
105500.76
105146.67
105416.75
105420.1
105526.58
105118.07
105758.0
105859.98
105645.89
106458.46
106327.72
105760.94
104859.11
105124.61
104777.25
104870.5
104419.59
104738.0
104559.54
105202.4
104648.0
104365.97
104308.0
104385.98
104341.98
104366.63
104540.0
104670.99
104753.07
104717.04
104600.01
104897.79
104654.9
104899.71
104983.49
105055.16
104965.71
105102.84
105077.54
104746.85
104599.96
104621.37
104696.25
105062.42
105174.27
105094.12
104990.75
104998.35
105030.4
104630.03
104715.29
104818.69
104890.0
104961.73
104944.0
104967.01
104938.02
104945.11
105175.11
105081.63
104949.99
104557.19
104330.22
102620.0
101728.0
101308.29
101000.0
101395.64
100410.04
100374.08
98956.32
99048.02
99043.77
99424.38
98392.74
98761.13
100619.68
100483.99
101920.89
101112.03
99744.0
99150.01
99180.0
99700.02
101386.5
101349.67
101637.18
102082.83
101856.01
101382.67
102402.01
102636.32
102901.45
103014.59
102744.38
102789.72
102851.23
102955.99
102745.36
102762.01
102599.99
102597.36
102641.99
102777.99
102250.01
102572.82
102205.79
102424.24
101264.48
100334.01
101265.63
101335.52
101702.59
101845.02
101795.4
102038.2
102001.06
102262.0
102801.64
102755.82
102732.03
102334.4
102547.01
102646.0
102229.85
101836.23
102029.93
101980.78
102092.01
102406.98
102854.15
103583.99
104193.93
103741.11
103492.06
103733.24
104026.04
104264.15
104663.19
105196.0
105478.0
105375.7
105184.37
105132.07
105060.01
105412.05
105345.4
105300.63
105020.0
104879.99
105920.57
105564.0
105696.96
105300.01
105578.95
105711.27
104907.15
105048.89
105094.56
104722.94
104898.49
104729.58
104341.72
104344.46
104007.58
104319.87
104511.02
104188.56
104028.78
104256.56
104284.1
104736.0
104704.68
104664.02
104442.79
105464.01
105081.87
104580.87
102627.29
102312.32
101680.02
102148.73
102261.3
102429.56
102494.94
102566.0
102467.77
102249.19
102316.16
102500.0
102402.91
102166.49
102016.85
101675.99
101638.0
102028.81
102277.71
101869.02
101827.53
102073.89
101892.32
102262.49
102003.7
101669.6
101333.34
101199.82
100666.91
100635.65
101243.86
101248.38
100452.16
99206.86
99538.6
100259.53
100265.15
99643.3
99831.04
99690.78
99417.06
98864.6
98178.0
98795.88
99205.08
99346.87
98264.0
97228.85
97087.92
98273.16
97798.0
97020.54
97994.46
97700.59
96511.33
93435.82
93566.01
94038.74
92786.53
94216.0
93911.04
95333.01
95340.0
95277.0
95702.67
95107.89
94764.01
94664.51
96589.5
98842.0
98543.08
99206.38
99816.05
101880.0
101083.0
101802.55
101695.62
101328.52
101058.01
101382.68
100839.99
100629.7
100053.12
98865.99
99367.58
98448.02
98304.34
98338.23
98779.91
98967.7
99362.04
99007.22
99984.72
99347.19
99043.48
99168.35
99415.2
98859.77
98652.18
96514.47
97691.2
97763.13
98274.01
97849.82
97993.99
98040.0
98046.0
98138.4
97652.0
97864.43
97634.24
97405.61
97734.96
98198.0
98057.61
98570.01
98292.27
98116.24
97974.01
97550.74
96723.66
97370.0
97323.39
96904.11
96445.63
96612.43
96826.96
97159.68
97364.08
97355.67
97617.01
97831.47
98386.89
98195.61
98128.43
98614.41
99013.3
98877.99
98346.09
98604.5
97835.98
97333.09
96586.96
96715.35
96316.84
95983.0
96926.63
96807.43
96959.99
96554.35
96507.75
97404.01
97575.85
97444.04
97434.79
97338.2
96746.87
96757.05
97021.47
97295.23
97261.51
97750.0
97963.58
98828.01
99710.92
98283.98
97827.66
97434.78
97751.99
96898.56
95764.31
96011.42
96062.76
96506.8
96650.14
96509.2
96751.01
96699.23
96300.01
96211.08
95994.55
96209.92
95893.84
96163.05
96050.64
96120.0
96059.24
96246.7
96091.34
95843.74
96132.07
96377.71
96512.0
96579.99
96455.92
96527.36
96473.9
96444.74
96568.0
96992.36
96727.31
97300.0
97220.59
97029.28
97005.89
97057.83
97086.0
96924.53
96762.01
96554.01
96535.26
95877.92
96127.73
96488.15
96442.16
96171.17
96212.0
96064.74
96322.24
95173.78
95831.64
96462.75
96717.98
95576.0
95798.82
96814.98
96935.46
97015.26
97142.43
97429.83
97683.99
97664.78
97728.29
97661.16
97358.58
98215.72
97270.64
97218.69
97300.75
97500.0
97549.99
97376.0
97331.95
97375.81
97390.26
97430.82
97783.12
97994.23
97764.0
97607.3
98064.93
98412.24
98424.33
98268.97
98223.79
97999.99
97961.25
98151.52
97766.13
96799.53
96962.03
97007.53
96365.05
96165.29
95469.28
95040.82
95305.0
96390.23
95580.23
95778.2
96060.0
96207.32
95579.14
95299.27
95556.98
95886.54
95817.87
96069.58
96358.46
96129.28
95978.01
96094.65
95982.97
94975.38
95628.91
95816.18
96986.14
97354.89
96921.43
97205.06
97025.24
97646.5
97806.57
97869.99
97818.91
97986.19
97473.66
97498.42
96927.46
96666.38
96056.72
96070.23
95943.62
96262.25
96155.86
95925.11
95820.28
96074.66
95857.03
95998.0
95359.22
95692.09
95964.01
95627.76
96264.52
96488.0
96411.4
96608.14
96750.83
96529.27
96528.47
97129.98
96750.0
96683.29
96834.29
96944.09
96871.97
97108.31
97017.4
96887.56
96652.58
96786.68
97290.95
96924.39
97658.7
98526.0
98192.84
97940.45
97196.09
97456.79
97134.59
97500.48
97470.88
97804.24
97839.04
97653.19
97527.63
97611.17
97488.61
97346.26
97505.51
97562.55
97653.95
97615.59
97753.82
97716.89
97593.61
97633.22
97535.39
97410.28
97540.79
97531.9
97539.4
97684.23
97545.76
97569.66
97594.57
97643.0
97524.87
97547.17
97530.81
97603.3
97487.26
97248.98
97163.86
97365.74
97180.98
97336.0
97125.63
96842.37
96969.58
96911.01
97052.64
96982.95
96872.59
97058.47
96909.54
97165.09
96865.79
96118.12
96319.22
96508.63
96228.98
96215.33
96026.01
96242.66
96376.77
96068.22
96144.03
96166.26
96106.17
96063.18
96457.76
96411.95
96799.99
95659.46
95334.75
95479.78
95340.83
95531.36
95971.36
96409.33
95875.48
95780.0
95637.93
96266.24
96064.47
96200.0
96070.81
95609.49
95382.75
95456.93
95238.89
95775.95
95742.5
95640.34
96194.0
96230.0
95536.83
95546.48
94639.98
94102.16
93924.03
94104.14
94196.02
95065.46
95304.43
95671.74
95330.15
95479.99
95831.76
95710.26
95213.85
95289.33
95616.31
95687.71
95629.99
95937.4
96330.32
96422.6
96166.44
96277.54
95766.33
95943.74
96300.0
96389.57
95670.54
96206.54
96180.72
96315.64
96539.85
96644.37
96853.98
96767.67
97134.52
97055.25
97224.46
96909.99
96907.99
96867.92
97150.01
97184.63
97373.98
97207.92
97428.36
97562.19
96966.91
96903.77
97550.73
97954.95
98295.08
98422.8
98453.61
98089.46
98134.95
98305.0
98236.32
98312.0
98111.12
98141.99
98204.01
98333.58
98409.99
98179.76
98213.41
98337.7
98612.0
98629.3
98904.0
99334.93
98777.77
98104.04
98215.81
96971.9
96543.52
95285.11
95066.25
95395.03
95823.53
96181.98
96185.9
96233.2
96343.22
96299.07
96387.36
96509.83
96395.18
96288.09
96219.8
96493.95
96500.16
96580.0
96823.94
96566.03
96535.9
96592.0
96504.01
96639.38
96449.99
96639.99
96578.01
96658.57
96634.06
96551.01
96643.46
96452.83
96410.27
96414.0
96395.88
96208.62
96342.91
96508.85
96364.32
96286.02
96193.88
96115.99
95732.93
95977.96
95593.89
95436.18
95420.5
95656.78
95740.0
95755.99
95777.7
95755.25
95787.13
96258.0
96247.35
95971.24
95829.35
95433.21
95298.0
95727.39
95864.31
95872.02
95509.49
95765.76
95631.66
95821.45
95798.46
95594.57
94674.44
94323.95
94434.49
94644.0
94161.67
93943.51
94020.0
93979.44
92432.06
91552.88
91857.29
92018.41
92376.68
92153.93
91900.01
92070.34
91275.99
89320.01
89400.53
88303.73
88213.77
89239.39
89395.98
88826.11
87157.25
87231.26
87460.0
87259.99
87070.07
87947.25
88161.03
88821.0
88807.64
88680.4
88150.0
88705.66
89018.87
88900.0
88693.95
88423.6
88920.18
88720.02
88484.54
89115.98
89262.66
88616.8
87938.81
87191.99
87621.22
87567.53
86805.99
86051.33
84258.94
83856.99
84385.89
84610.86
84433.51
84250.09
84742.39
84763.25
84295.2
85226.32
85161.93
85883.13
86265.84
86272.01
86078.47
86169.81
87013.46
86698.6
86330.59
86117.57
84968.65
85500.84
84471.69
84597.0
84640.0
84113.98
83524.98
84409.18
84716.34
84708.58
84258.65
81661.55
80805.5
80452.44
80410.5
79973.79
79344.56
79204.59
78975.99
80343.11
80011.02
80513.38
80779.61
81512.42
82105.05
84005.05
84363.69
83605.12
84440.97
84449.99
84191.27
84258.37
84149.98
84349.94
83857.92
84656.93
85240.46
85330.84
86190.01
85588.19
85075.62
84740.15
85303.37
85380.0
84900.01
84632.79
84758.86
84532.24
84713.99
84800.0
85274.82
85214.7
85327.57
85485.41
85537.73
86076.86
86116.35
86064.53
86026.62
86354.93
85774.01
85873.07
85752.8
85957.51
86277.65
86232.42
85754.71
85901.3
86006.0
86105.89
85986.18
85710.81
85107.45
87427.99
91200.0
94093.75
92794.19
93522.0
94330.0
94298.0
94247.4
94270.0
93314.89
93084.64
93318.24
92709.98
92866.0
93344.0
91645.99
92363.58
91477.54
91847.76
92546.77
92739.99
93027.34
93586.83
89278.88
90035.37
90154.0
90300.01
87132.8
85606.0
86074.0
85374.33
86650.96
86220.61
86046.43
83380.55
83936.41
83983.72
83416.95
84273.99
83883.58
83186.4
83893.09
83748.0
83971.93
83937.94
83763.73
82804.0
83201.41
82985.06
83555.37
85443.89
86764.24
88206.19
86825.27
87517.49
87486.0
87281.98
86800.36
87643.11
87466.55
86843.4
86915.94
87145.98
87490.12
87619.49
87760.0
88469.01
89926.07
89814.26
90355.97
89473.92
88519.93
88344.25
88926.53
89687.99
89712.0
89750.0
90499.64
90377.54
90449.46
90606.01
90046.34
91057.19
91812.0
91605.01
92287.45
92737.98
91916.0
91346.48
91156.08
90752.14
91290.88
91350.0
90102.02
89569.13
89803.99
90820.69
89316.02
88628.01
88428.41
88526.18
89045.44
89939.0
90313.66
89931.89
85529.22
88263.85
87235.0
86991.25
87636.41
88221.21
88208.23
88365.18
88365.78
88933.7
89263.4
88966.96
89051.13
89135.98
90440.74
88457.99
87237.37
87685.99
88589.33
87820.1
86987.72
86314.63
86745.15
86801.75
86726.8
86105.99
86180.19
85919.12
86444.53
86279.12
86465.0
86197.14
86071.57
85943.28
86123.19
85955.88
86209.72
86327.96
86361.69
86400.0
86148.09
85943.08
86044.02
86233.52
86281.39
86228.16
86350.0
86222.45
86416.12
86198.39
86003.33
86115.71
86053.74
86034.01
85910.0
86004.61
85792.0
85564.0
84844.1
85024.01
84599.99
83489.95
83602.57
83080.41
82496.01
82366.0
82670.0
82640.86
83083.15
81845.11
80358.19
80734.37
81292.0
81766.01
82198.12
82047.49
82634.05
82308.52
82332.67
82318.77
81350.46
82514.26
82288.19
83582.0
83248.12
81528.94
79847.08
80043.85
79009.98
78459.91
77655.26
79060.84
79304.98
79565.81
79502.36
78595.86
77673.6
79130.66
79354.53
79522.29
79759.91
80261.78
80099.33
80424.95
81131.16
81460.39
81808.26
81720.34
81225.5
80898.49
79773.04
81232.24
81386.8
81305.57
83280.94
83104.01
82799.68
83110.72
83133.48
82932.99
82765.52
83313.6
82430.79
82127.72
81811.05
81987.43
81425.98
82447.79
82689.67
82680.06
82492.67
83004.45
84069.0
82686.27
81535.72
81738.97
81970.76
81844.41
82628.68
82915.93
83124.95
83093.69
83651.15
83680.12
83444.88
83919.68
83785.58
83577.14
83286.63
83157.16
83292.6
83151.99
82973.35
83426.87
83191.67
82975.86
82517.99
81777.15
82009.5
81044.72
80876.36
80064.0
80820.05
80211.4
80379.05
80819.99
81395.54
81115.78
81503.31
81603.08
82226.98
81888.77
81948.16
82141.96
82038.09
82170.85
82593.44
82776.5
83042.22
83253.15
83420.87
83602.16
83524.8
84724.58
84787.37
84365.18
84570.54
84554.0
84127.2
84205.79
84438.06
83983.2
84297.14
84353.85
84557.95
84491.99
84456.57
84266.26
84183.28
83827.31
83891.36
83966.95
83912.19
84103.74
84136.53
84460.0
84131.75
84346.02
84362.91
84422.25
84223.29
84299.98
84389.31
84388.73
84382.65
84338.44
84253.52
83869.31
83966.05
84332.34
84408.97
84395.31
84228.0
84273.96
84268.36
83897.02
83666.98
82410.02
82755.89
82596.1
83373.16
83320.83
83634.53
83913.22
83701.75
83098.47
83216.98
82766.52
82093.71
82574.53
83054.91
83233.8
83212.51
83675.65
83615.53
83120.0
83220.91
83567.87
83547.17
83664.31
83344.34
83514.73
83052.0
83023.38
82913.03
83531.06
83448.86
84197.46
84496.58
84482.55
83954.36
84077.8
84061.19
84010.03
83790.24
83161.97
83367.64
83147.6
82989.11
83010.87
82450.01
83163.81
83281.29
82840.51
82819.65
82581.1
82404.66
81366.64
81854.71
81610.21
81851.51
81466.7
81889.38
82317.21
82050.0
82062.98
82395.74
82715.03
83118.0
82598.7
82868.91
83037.17
82952.87
83241.99
83200.0
83190.0
83413.01
83527.37
83467.41
83881.4
83748.75
84092.16
84318.59
84733.05
84574.01
84230.97
85612.25
85433.38
85353.99
85635.99
86158.52
86845.94
86017.68
85867.96
86065.51
85891.02
85684.78
85827.28
85759.28
85816.39
86241.05
85877.28
85173.78
85502.17
85356.07
85513.81
86171.86
84691.76
83802.01
84093.43
84060.53
84174.79
84530.1
84350.0
84141.31
84223.39
84507.07
84775.07
84685.4
84451.96
84662.74
84469.66
84200.0
83937.98
84022.32
84137.99
84164.17
84046.52
83467.98
83935.7
84240.33
83565.48
84095.97
84024.11
84101.66
83956.36
84216.2
84394.0
84185.39
84088.79
84206.24
84075.48
84188.96
84256.74
84367.4
84323.3
84335.83
84274.72
84222.01
84360.01
84413.62
84239.25
84232.39
84168.31
84007.23
84109.09
84141.0
84238.83
84239.14
84171.59
83944.69
84010.87
83961.39
83840.59
84007.0
84067.56
84233.78
84224.39
84100.0
84230.1
84242.24
84279.82
84347.12
84325.66
84461.98
84679.99
84725.24
85093.59
84899.76
85189.41
85250.0
85017.66
84972.78
85011.19
85102.62
85179.99
85361.21
86082.5
86021.74
85563.04
85883.16
86532.07
86841.83
86899.73
87113.37
86874.52
87416.35
87163.73
87801.27
87689.52
87328.1
87704.46
87961.9
88350.01
88057.54
88461.88
88464.38
88222.0
87832.0
88100.01
87457.65
87498.16
87599.99
87088.31
86854.94
86520.88
86547.17
86656.07
86534.5
86436.82
86714.79
87221.66
87130.14
87370.43
87084.02
87594.4
88022.4
87774.37
87792.4
87937.27
87822.0
88116.23
87849.98
87746.0
87464.73
87392.87
87652.0
87836.04
87324.6
87153.51
87326.78
87520.35
87909.07
88140.45
87959.73
87939.99
88208.47
87954.96
87813.17
86841.31
86773.14
86752.52
86513.99
86569.99
86198.53
86567.19
87280.0
87109.65
86829.48
86909.17
87285.29
87378.87
87575.39
87670.18
87521.61
87314.72
87352.68
87399.99
87434.82
87415.56
87195.59
86943.52
86761.05
86383.83
87297.33
86974.07
86835.24
86913.05
87206.52
87060.41
87307.57
87568.68
87350.71
87232.01
87354.01
87230.29
86987.77
86787.16
86305.38
86059.02
85719.27
85212.99
85213.87
85148.0
84941.49
85255.26
85028.27
84994.0
84172.01
84051.16
83794.73
84008.45
83880.0
83790.73
83794.41
84052.29
84480.35
84424.38
84396.89
84281.9
83851.4
84166.3
84072.96
84012.64
83787.28
83731.82
83934.95
83544.8
82927.81
82293.56
82462.7
82851.95
82504.01
82414.23
82198.43
82332.63
82343.64
82758.4
82511.17
82518.74
82389.75
82648.54
82799.73
82941.13
83330.0
83088.81
83109.81
82958.3
83178.14
83076.59
83378.09
83502.32
83120.87
83111.76
83072.76
82678.42
82803.28
82729.57
82284.01
82415.53
82729.65
82548.81
82554.73
82237.68
82438.0
82389.99
81646.89
81953.03
81922.3
81530.0
81846.01
82166.99
82052.83
81933.51
81899.15
81455.58
82174.16
82205.51
82768.74
82507.99
83499.18
83418.78
83288.89
82680.34
83291.42
82462.27
82431.32
82563.99
82409.99
82550.01
82651.1
82704.2
83100.0
82962.84
83060.0
83006.67
83454.76
83445.5
84121.94
84362.0
84175.99
83930.3
83615.26
83618.23
84195.92
85280.87
85119.99
85117.85
85126.68
84972.01
85231.28
85223.84
85099.99
85158.34
84964.49
85147.3
84714.36
84550.0
84607.0
84100.0
84125.99
84426.33
84677.04
85019.62
84867.92
84566.91
85049.99
85215.82
85877.75
86757.67
87065.18
86615.33
86286.02
86900.02
85659.99
84855.99
82821.59
82516.29
83227.55
83761.62
83768.01
83483.97
83558.8
83343.75
83058.65
83456.75
83679.99
83483.05
83220.01
83096.01
81949.06
82373.58
81532.0
82039.31
81830.56
81830.01
82109.45
82008.7
82363.99
82717.54
82743.46
83213.09
83046.32
82695.91
82910.86
82818.52
82720.32
83200.0
83054.72
83992.85
84415.99
84571.38
82567.03
82680.45
82879.99
83335.99
82573.98
82860.0
83392.7
84460.0
83989.87
84009.99
84164.02
84185.8
84056.74
83889.87
83787.6
83979.87
83976.61
83624.01
83677.75
83688.67
83477.3
83525.34
83519.96
83843.29
83641.51
83452.69
83281.41
82755.29
82914.67
82618.26
82739.96
82869.53
83036.13
82860.0
83075.47
82913.89
83188.41
83537.99
83527.22
83428.97
83300.01
83344.14
83499.99
83450.01
83110.24
83024.96
83034.26
83075.15
82870.25
82855.99
82697.99
82306.01
82667.07
82548.36
81970.0
80808.81
79107.3
79614.35
78867.99
78950.61
78063.66
78430.0
78327.87
79142.01
78447.42
77707.77
76989.92
76942.82
74810.01
75126.01
76266.89
76274.56
76983.6
76685.62
77335.89
78365.47
79033.11
78479.9
77434.01
79074.5
78484.91
78130.44
78955.26
79239.42
79956.47
79163.24
79020.04
80599.99
79947.05
79904.0
80300.0
79872.25
79447.3
79496.0
79154.02
78900.0
79003.54
79982.0
79837.99
79899.9
78479.91
78497.99
77414.25
77349.99
77259.91
76854.05
77133.41
77100.0
76731.21
76322.42
76522.07
76070.53
75674.44
75073.33
76416.34
76734.83
76829.02
77694.12
77304.35
77478.26
77190.0
76230.01
76760.86
77698.12
76870.0
77258.0
78267.68
82202.16
81788.37
82332.08
83204.0
83284.29
83056.83
82615.22
82352.85
82249.29
82200.0
81775.2
82019.26
82158.03
82156.72
81595.81
81549.99
82036.71
81766.05
81882.01
81710.46
80874.36
81272.19
78757.0
79453.82
79328.01
79502.07
79649.34
79931.55
79714.52
79693.77
79607.3
79043.48
80452.72
80302.05
80842.99
80888.15
80816.0
81102.0
81266.76
81631.89
82450.0
82706.86
82129.67
82115.52
82930.67
81898.0
82521.74
82792.46
83930.0
83607.99
83858.28
83848.0
83674.01
83415.34
83423.84
83369.08
83217.39
82804.87
82973.13
83208.04
83338.92
83567.42
83724.92
83604.77
83550.0
83420.44
83528.3
83829.86
84458.24
84827.75
85008.4
84659.19
84760.71
85178.01
84943.4
85517.29
85367.93
85336.01
85276.9
85495.72
85259.77
85302.22
85432.31
84619.98
84515.58
84608.69
84413.1
84664.6
84918.24
84686.79
84528.66
84458.75
83599.13
84093.22
83849.66
84225.97
84754.85
84730.0
83981.31
83499.99
83607.0
83335.99
83760.0
84325.74
84228.0
85140.7
84566.03
84869.31
84575.18
84624.21
84580.76
84763.18
84442.72
84656.85
84927.55
85128.76
84376.66
85423.6
84101.16
84341.99
84859.73
84988.04
84923.07
84861.82
84706.1
84500.01
84591.58
84930.7
84983.73
85232.83
85379.96
85490.46
85545.71
85391.35
85716.77
85850.0
85989.0
85638.14
85589.23
85819.74
85589.44
85146.88
84918.14
84860.81
84483.23
84196.0
83998.52
84020.01
84178.0
83838.47
83643.99
83146.01
83637.79
83900.0
83695.66
83587.99
83363.0
83643.99
83363.17
83736.79
83600.01
83937.02
84048.11
83757.72
83736.37
84605.31
84846.58
85048.55
83281.21
84029.97
84334.01
84295.99
84545.36
84460.43
84030.38
84210.0
84337.99
84272.86
83994.23
84153.05
84391.3
84773.59
84669.98
84445.54
84477.31
84377.27
84562.0
84775.99
84475.14
84087.08
84531.71
84934.0
85108.66
84899.71
84849.06
85140.0
85062.0
84720.21
84947.91
84817.09
84925.58
84888.0
84828.0
84663.71
84734.97
84721.41
84654.68
84647.32
84548.9
84521.25
84669.11
84645.6
84570.61
84583.13
84374.59
84478.12
84571.92
84616.96
84562.83
84520.12
84621.58
84521.48
84474.69
84436.67
84544.06
84785.8
84883.71
85021.9
85079.99
84921.98
85217.39
85311.63
85328.12
85250.0
85217.4
85295.43
85472.54
85415.09
85191.19
84845.93
85239.92
85144.64
85085.55
85195.85
85339.53
85259.86
85077.01
85167.99
85320.15
85226.44
85168.81
85185.13
85088.54
84955.42
84784.01
84647.3
84551.14
84184.03
84129.83
84365.56
84315.21
84626.16
84344.66
84604.11
84581.98
84577.78
84651.61
85127.58
85009.27
84835.28
85179.24
86625.68
87293.07
87350.01
87205.56
87351.14
87550.0
87521.73
87434.78
87569.28
87516.05
87347.83
86971.92
87038.71
87028.09
88208.37
88044.8
87176.96
86847.39
86786.29
87415.1
87367.92
87275.0
87168.08
87516.23
87709.85
88400.01
88169.21
88157.55
88056.79
88391.27
88246.46
88476.83
88414.33
88574.34
88513.71
88614.1
88992.7
90236.16
90797.73
90934.61
90673.1
91396.14
91504.36
91414.79
91111.72
93039.99
92786.19
93442.99
92896.99
92640.0
92868.77
93168.91
93665.99
93478.42
93628.13
94133.82
94285.72
93888.52
93745.19
93466.01
93731.4
93020.22
92940.06
93195.28
93641.74
93894.37
93620.89
93497.88
93640.0
93485.5
93790.19
93691.08
93357.22
93489.18
93101.23
92673.95
92746.66
92576.61
92388.69
92203.55
92017.75
92476.9
92550.89
92619.94
92777.27
92813.83
93101.83
93202.51
93346.08
93011.28
93380.0
93556.12
93390.66
93353.72
93427.98
93980.47
93896.28
93678.13
92992.33
93311.83
93058.58
93206.05
93538.07
93772.26
93680.01
93816.42
93634.02
94635.67
94417.29
94400.01
95368.0
95061.22
95223.81
94527.79
94970.15
95291.0
94869.57
94608.69
94850.0
94638.68
94880.69
95013.14
95000.0
94739.99
94536.99
94626.47
94630.42
94570.31
94318.04
94277.65
94209.03
94144.06
94245.9
94149.2
94240.01
94373.24
94286.92
94316.79
94154.71
94307.5
94087.0
94355.38
94781.86
94628.0
94870.01
94117.6
94345.86
94156.21
94014.17
93923.88
94015.91
94065.98
94202.51
94159.87
94053.6
93920.01
93734.86
94060.09
93985.9
93901.08
93881.82
94043.78
94287.29
94433.5
94260.86
94328.29
93939.57
93749.3
93419.9
92949.99
93621.64
93849.93
94036.48
94224.28
94583.99
94692.49
94706.39
94739.07
95060.77
95319.99
95350.69
93965.7
94417.73
93833.51
93734.04
94100.39
94175.89
94787.2
94469.67
94549.97
94809.52
95011.18
95065.27
94857.49
94615.68
94658.76
94353.32
94276.49
94780.0
94917.61
95030.0
94989.28
94817.32
95129.74
94813.14
94800.01
95040.8
94843.1
94954.74
95231.37
95391.29
95300.79
94839.32
94735.66
94163.67
94256.82
94546.79
94527.73
94641.99
95032.84
95054.75
94894.0
94751.99
94620.99
94718.18
94970.01
94946.52
95176.66
94555.88
93032.58
93705.04
94004.63
93939.98
94100.39
94078.24
94152.01
94555.99
94419.0
94114.05
94172.0
94405.47
94636.51
94867.46
94782.6
94860.51
95147.96
94888.85
95025.84
95210.16
95520.99
96169.01
96180.01
96373.2
95809.52
96827.99
96854.3
97007.14
96794.17
96869.55
96523.26
96407.9
96464.55
96372.33
96489.91
97042.97
96970.4
96952.58
97102.32
96939.86
96707.54
96715.0
96350.0
96636.2
96596.68
96888.0
96928.97
97182.53
96772.08
97748.4
97330.19
97348.69
97402.55
97171.0
96924.23
97022.31
96726.08
96649.01
96887.14
96700.45
96493.94
96533.51
96337.5
96519.05
96417.14
96183.5
96322.68
96281.0
96254.01
95896.5
95942.02
96120.42
96330.0
96380.95
96418.68
96215.41
96191.56
96146.99
96354.34
96341.29
96266.17
96170.18
95856.42
95880.95
96099.94
95892.28
95722.23
95725.52
96042.72
95905.74
95879.99
95647.27
95485.01
95400.47
95423.2
95462.24
95369.37
95611.07
95467.6
95341.56
95410.08
95389.07
95584.07
95719.99
95675.99
95015.82
94277.62
94724.11
93929.0
94236.67
94031.47
94409.66
94732.77
94761.13
94761.91
94559.19
94550.63
94121.89
94038.18
94333.33
94226.38
93879.37
93770.31
94206.31
94500.0
94730.39
94347.17
94242.02
94719.82
95049.48
94733.68
94598.89
94312.6
94334.99
94454.01
94574.57
94345.56
94498.11
94400.99
94375.9
94211.96
93942.83
93812.54
93935.99
93616.92
94147.02
94558.95
94241.01
94535.93
95067.36
94963.5
94682.23
94688.99
96259.94
96834.02
97415.65
97242.85
96619.05
96506.9
96576.0
96380.96
96557.31
96994.82
97024.45
96978.4
97030.01
97047.43
96966.08
97022.01
96938.0
96923.91
96857.15
96307.54
96593.59
96180.01
96766.8
97120.63
97262.88
97030.5
97770.01
97816.21
98681.99
99152.79
98954.32
98740.61
99039.99
99252.34
99666.66
99790.97
99780.67
99409.14
99287.97
99290.03
99371.95
100758.08
101276.49
101027.13
101365.38
101299.99
102607.8
102828.03
103017.95
103261.6
102820.0
103098.34
102595.5
102451.04
102828.0
102979.35
103230.11
103628.77
102968.25
102915.58
103371.63
102958.31
102899.99
103633.5
103155.99
102895.99
102480.83
103199.99
103176.46
103189.17
103183.94
102984.99
102784.66
102971.99
102865.7
102987.5
103147.96
103226.24
103152.48
103361.0
103930.71
103759.71
103634.92
103761.91
103593.15
103434.94
103695.98
103628.86
103520.41
103138.77
103435.22
103176.88
103252.88
103191.35
103193.43
103756.71
103597.89
104809.53
104428.58
104135.32
103781.06
104007.03
104153.72
103840.0
103864.52
103385.47
103825.39
104347.94
104644.0
104652.01
104601.9
103959.99
104160.0
104150.0
103984.13
104036.7
104528.19
104420.0
104269.85
104349.0
103793.67
104118.0
104587.31
103984.14
103885.72
104100.13
104072.7
103940.0
104384.8
104467.99
104614.04
104459.34
104527.62
103762.9
103881.15
104319.99
102799.99
102527.26
102856.06
102556.19
101630.59
101860.0
102678.51
102510.1
102856.38
102791.32
102260.01
102400.48
102067.99
101719.4
102745.71
102477.15
102552.0
102665.5
102722.0
103457.03
103557.72
103729.2
103682.52
103715.87
103191.65
103682.55
103725.85
104268.17
104354.19
104792.22
104562.39
104342.71
104128.5
104103.72
103920.76
103734.82
103713.27
103587.44
103743.02
103896.71
103757.5
103716.55
103200.0
103485.73
103708.49
103944.93
103999.99
103970.87
103265.46
103514.24
103363.65
103246.79
103523.81
103321.72
103555.51
103647.39
103511.46
103507.82
103801.85
103033.52
103047.62
102753.63
102891.76
102375.31
102247.4
101779.99
102274.65
101823.39
101804.74
102371.61
102560.0
102133.49
101987.65
103251.35
103846.27
103968.24
102697.31
103157.26
103443.51
103288.75
103492.06
103763.71
103764.81
104047.61
104199.8
104023.49
103919.95
103898.52
103987.87
103710.17
103388.6
103793.65
103796.91
103651.71
103506.07
104007.98
103578.7
104183.33
104145.49
103867.96
103691.55
104032.6
103692.48
103612.0
103521.96
103463.9
103360.01
102829.57
103286.01
103508.48
103658.05
103342.79
103487.95
103451.14
103426.06
102896.59
102873.74
102994.17
102927.57
102713.34
103124.8
102939.53
102938.32
103130.43
102987.2
103158.6
103372.04
103243.69
103031.03
103126.65
103382.8
103251.49
103346.7
103295.7
103355.01
103648.2
103476.19
103919.39
103912.82
103868.48
103856.81
103800.54
103939.65
104740.0
105270.97
105518.0
105822.22
104836.67
104498.0
103883.97
104053.05
104180.38
105928.1
106454.26
105260.88
105059.97
104645.15
103605.88
103002.07
103032.01
102208.0
103226.29
103233.9
103061.61
102915.5
102963.41
102479.95
103294.11
104328.11
104786.41
105356.44
105380.95
104778.98
105517.7
105468.0
105474.67
105549.92
105573.74
105727.27
106450.0
106099.99
105761.92
106219.99
106105.26
105454.54
105021.71
105223.01
105285.72
105030.65
105203.76
104780.0
104448.04
104519.84
105333.68
105212.49
106200.31
105285.54
107026.47
106909.09
106619.0
106775.83
106849.99
106739.54
106500.0
106859.04
106843.59
107287.0
107542.0
107751.41
106527.16
106372.45
106200.03
106328.57
106546.44
106573.11
107244.76
108999.99
108973.35
109131.7
106592.79
106965.05
108603.79
108238.09
108414.64
108739.36
109643.99
109954.53
109920.68
110471.51
111780.84
111482.42
110879.99
110606.07
111045.45
110409.09
110821.3
110805.22
110981.97
111608.69
110914.49
110897.9
111290.86
111252.36
111502.31
111727.27
111188.0
111076.24
110831.36
111020.93
111696.21
111613.58
111327.69
111272.72
111100.01
110844.19
110855.47
110526.01
110715.42
110935.24
111335.02
111061.24
109076.35
108412.77
109634.99
109672.01
108940.0
109068.87
109413.03
108794.09
108716.07
108236.53
108282.89
107797.37
107318.3
107366.68
107479.24
107803.84
108366.3
108485.07
108235.68
107959.99
107587.75
108251.23
108161.69
109094.99
109208.56
108776.63
108590.29
108959.09
108929.7
108997.67
108920.03
108827.01
108960.0
108863.63
108818.18
108100.5
107761.91
107443.9
107656.22
107928.8
108095.75
108245.21
108103.98
107938.0
107681.81
107109.41
107131.67
106946.4
107260.0
107530.57
107521.75
107355.0
106967.97
107174.4
107363.37
107413.34
107717.01
107677.35
107466.7
109166.0
109004.19
109540.46
109545.46
109387.72
109623.53
109541.3
109650.01
109928.37
110094.62
109666.4
109712.56
109643.56
109772.72
109826.92
109595.65
109652.51
110009.82
109391.37
109171.91
109101.97
109130.44
109606.5
109346.68
109190.48
109434.79
109136.37
108385.31
108272.72
108892.16
108952.65
108923.36
108828.19
109547.16
109695.65
109830.25
109698.57
109585.49
109603.02
109837.26
109374.75
110140.11
110217.39
110232.46
109890.62
109877.87
109551.69
108918.07
109027.01
108938.17
109205.39
108667.99
108627.42
108863.64
108971.87
109000.0
108727.27
108816.44
109040.45
108789.17
108829.01
108870.38
108891.94
108068.45
107522.72
107107.31
107420.0
107679.01
107476.55
106946.01
107318.18
107495.74
107400.73
107781.78
108285.32
108156.23
108426.94
108044.88
107564.44
107681.81
107915.46
107880.72
108492.49
108520.01
108746.01
108779.84
108434.78
107601.08
107622.54
107019.89
106724.42
106303.6
105837.13
105731.74
106180.0
106443.01
105929.07
105589.75
104939.99
105666.66
106000.0
106024.33
106112.08
106083.42
105711.77
105028.02
105177.33
105623.04
105925.06
105880.51
105684.96
105495.59
105346.33
105543.0
103898.75
104183.15
104891.99
104640.5
104580.0
104631.59
103966.33
103985.48
103957.33
103476.61
103189.83
103684.01
103812.0
103538.94
103862.52
103747.02
103648.32
103538.01
103410.0
103498.18
104033.96
104117.3
104573.92
104556.08
104490.57
104349.06
104487.81
104698.02
104781.83
104863.16
104625.8
104591.88
104446.49
104126.07
104195.12
104381.03
104633.16
104536.57
104258.93
104275.95
104386.6
103934.34
103930.99
104082.68
103956.26
104259.2
104599.7
104715.1
105038.8
105066.33
104900.01
105121.94
104948.91
105496.54
105512.18
105642.93
105427.48
105388.59
105026.98
104829.27
104765.48
104833.79
105162.38
105387.67
105328.43
104585.36
104370.85
104047.64
104200.32
103800.0
104176.62
104438.79
104286.06
104399.89
104361.54
104425.63
104878.62
104942.0
105695.49
105857.99
106285.72
106481.75
105612.46
105482.02
105166.92
105452.08
105429.67
105170.75
105094.93
105198.11
105280.99
105287.24
105307.94
105421.55
106550.01
106610.66
105817.63
105943.98
106013.15
106238.81
105738.69
105367.93
105743.74
105376.89
105476.2
105592.9
105476.22
105519.27
105407.05
105354.14
105301.02
105320.75
105435.93
105825.31
105705.13
105084.36
105039.19
104761.17
105033.3
105298.27
105445.89
105051.1
104951.54
104913.52
104609.87
104930.61
104775.36
104696.86
104976.74
104774.92
104989.48
105047.15
105173.71
104649.23
104452.93
104518.05
104675.36
104900.0
104659.24
104827.8
105649.59
104527.0
104639.2
104531.49
103262.53
103240.04
103006.05
101914.77
100483.91
101542.82
101502.61
101508.68
101900.77
101841.2
102203.52
102493.3
102777.0
102954.24
103160.0
103150.44
103510.25
103643.98
103676.25
103927.99
103753.27
104098.84
104776.7
105092.28
104758.27
104922.14
104497.69
104219.8
104478.07
104386.29
104476.81
104288.44
104511.69
104453.56
104531.57
104871.58
104819.99
104877.36
105316.37
104867.04
104746.44
104848.09
105145.84
105150.01
105465.21
105610.52
105431.61
105558.11
105350.68
105393.21
105599.99
105725.91
105846.98
105764.64
105820.51
105552.15
105473.21
105690.33
105441.87
105471.59
105614.38
105438.34
105442.87
105426.45
105373.81
105140.01
105357.64
105686.71
105721.5
105627.9
105829.66
105984.52
106189.99
106082.95
106317.7
106289.99
106147.66
106331.92
105770.55
105734.0
105706.34
105527.71
105560.89
105659.13
105449.21
105379.11
105692.83
105560.71
105926.39
106612.52
107179.7
107759.21
107750.39
107026.47
107610.33
107635.91
107697.51
108337.56
108446.18
108564.72
108706.74
109973.75
110177.28
110263.02
109913.91
109788.57
109650.94
109568.02
109528.55
109310.49
109502.68
109205.14
109082.65
109508.78
109303.61
109541.28
109697.76
109305.28
108620.01
109015.42
108720.61
108711.37
109282.38
109526.3
109960.0
109863.07
109727.87
110274.39
109825.54
109605.53
109677.03
109722.95
109562.75
109468.03
109595.01
109446.74
109576.02
109269.83
109373.12
109252.09
109714.87
109684.0
109866.69
109735.7
109439.38
108984.72
108807.25
108742.37
108906.44
108508.18
108443.38
108645.12
108705.99
108515.99
108400.52
107860.05
107765.12
107746.91
107909.02
107633.53
107731.67
107507.35
107323.16
106900.95
106988.54
107070.8
107612.69
107020.95
107744.71
108287.4
107561.35
106788.8
105973.62
105894.31
105890.7
105671.73
103797.81
103773.65
103641.21
104277.22
104404.52
104002.25
104704.26
104895.0
104739.45
104830.36
104874.01
105039.48
104852.29
104732.44
104970.74
105436.87
105783.66
105390.94
105193.04
105110.0
105424.0
105612.59
105751.28
106066.59
105826.32
105470.35
105374.17
105228.82
105371.07
105288.3
105105.13
105076.59
105095.03
104862.26
105011.92
105082.01
105053.63
105017.41
104913.01
104841.3
104457.85
104608.17
104892.81
104645.67
104894.29
105315.54
105428.74
105414.64
105643.99
105421.03
105481.02
105473.55
105559.68
106073.94
105440.69
105428.0
105197.19
104915.15
105119.99
104970.51
105289.81
105515.97
105657.64
105564.0
105567.24
105689.64
105485.29
105294.19
104729.53
104807.75
105263.51
105594.01
105429.32
105815.08
105785.51
105921.84
106386.0
106559.98
106586.01
107061.8
107180.0
106945.86
106834.32
106883.99
106690.47
107160.06
107533.5
107424.96
107765.99
107755.0
108255.96
108652.0
108782.68
108513.1
107700.01
106794.53
107238.63
107173.51
107482.39
107590.41
107333.64
107122.02
106832.91
106758.52
106568.06
106160.57
105956.01
105641.47
105507.0
105349.27
104847.33
104241.63
103630.67
103814.01
104414.84
104686.12
104362.39
104552.58
104228.31
104551.17
104842.78
104776.92
104856.06
105184.84
105447.39
105423.5
104966.2
104973.24
104949.9
104697.03
104266.19
104840.59
104514.0
104439.81
104619.88
104801.01
104426.93
104331.83
103623.39
103808.41
104822.33
105085.5
104815.23
104886.78
104944.06
104599.25
104722.51
105100.02
105073.52
104892.86
104707.94
104642.85
104746.12
104994.0
104913.19
104776.23
104752.6
104283.33
104148.6
104096.93
104001.13
104521.31
104392.53
104250.44
104266.82
104332.45
104596.29
104658.59
104692.74
104778.5
104628.0
104596.63
104258.59
104584.68
104719.86
105811.74
105959.68
105940.58
105958.87
105977.82
105982.89
105674.0
103940.01
104217.99
103670.61
103279.26
103165.45
103307.22
103693.5
103532.0
103107.11
103297.99
103248.07
103515.36
103499.98
103495.87
103384.98
103421.21
103572.69
103458.5
103826.03
103843.37
103831.22
103874.64
103807.7
103572.29
103549.99
103560.9
103486.01
103182.98
102645.22
102245.1
102782.08
101455.61
101772.96
102120.01
102852.0
102387.0
102347.64
102375.4
102548.15
102853.89
102744.36
102424.61
102712.34
102199.99
102495.69
102739.48
102759.98
100865.66
99628.28
98906.21
99667.17
99480.0
99437.42
98882.84
99536.0
99173.83
100980.05
100963.87
100904.6
101101.64
101301.2
101154.14
101167.99
101771.02
101940.27
101931.04
101881.37
101567.66
101463.21
101289.01
101684.7
102354.14
101624.39
101420.7
100692.1
102484.02
102933.78
103161.29
103739.99
103705.52
105538.19
105333.93
105132.59
105450.76
104753.8
104919.6
104826.14
105396.54
105655.23
104933.74
104996.77
105198.98
105281.99
105170.0
105205.47
105065.44
105517.5
105244.73
106225.26
106046.69
105533.73
105643.19
106087.3
105989.05
106025.39
106083.0
106407.34
106387.43
106474.58
106232.01
106197.56
106213.72
106399.99
106600.01
106635.76
106628.06
107126.49
107198.02
107240.0
107923.21
107629.59
107028.0
107139.81
107402.53
107406.63
107761.68
107781.2
107569.67
107275.01
107340.58
107320.0
107638.01
107920.47
107853.79
107845.41
107632.09
107761.5
107813.99
107753.07
107325.12
107389.01
107325.41
107122.48
106960.01
107436.6
107313.6
107196.05
107192.99
107384.1
107532.98
107766.29
107029.6
106992.59
106947.06
106675.22
107122.81
107253.6
107477.76
107497.06
107267.74
107278.82
106869.71
106998.53
107083.8
106995.32
106983.6
106692.9
106820.99
106557.79
107308.25
107480.1
106875.75
106704.6
106801.02
107119.5
107052.01
107100.7
107047.59
107064.19
107066.19
107110.0
107300.13
107191.19
107294.8
107412.07
107485.0
107379.99
107307.99
107274.41
107373.39
107341.34
107101.78
107204.8
107449.28
107295.84
107465.12
107318.0
107225.74
107169.52
107331.38
107370.61
107296.79
107475.92
107311.0
107307.48
107210.78
107264.15
107309.99
107376.95
107402.18
107693.85
107891.64
108153.26
108477.11
108189.88
108051.52
107948.08
107750.72
107552.03
107544.44
107640.01
107406.81
107359.79
107543.48
108079.9
108356.93
108713.81
108493.93
108479.81
108503.74
108314.99
108280.65
107571.72
107614.08
107512.89
107478.77
107649.49
107654.2
107570.58
107525.49
106803.32
107580.46
107599.96
107462.94
107242.01
107745.97
107577.89
107130.81
107112.75
107146.5
107377.02
107220.0
107101.69
107192.38
106881.6
106932.49
106890.77
107178.99
106710.12
106556.39
106490.42
106605.8
106421.08
106807.42
105925.0
105955.18
106082.56
106253.79
105749.68
105398.53
105920.01
105784.13
105613.22
105681.14
105392.3
105720.0
105908.7
106194.7
106382.86
106638.83
107014.38
107080.0
107728.99
107636.16
107848.95
107479.99
107379.92
107768.2
108139.99
108737.74
109413.02
109129.67
109538.88
109676.14
109136.3
109441.8
109142.0
108849.6
108915.0
108975.97
108721.52
108628.21
108790.0
109340.37
109478.94
109280.0
109377.57
109942.2
109839.37
109599.19
109167.99
110255.63
109718.57
109127.84
109288.46
109556.0
109678.75
109803.41
109947.11
109788.0
109699.17
109584.78
109478.94
109500.01
109180.54
109235.57
108982.59
109012.0
109025.99
108700.0
108763.28
108997.59
108899.74
108888.0
108731.79
107970.23
107810.0
107573.29
107636.98
107875.37
107489.23
107469.23
107692.01
107911.2
108254.95
107984.24
108196.01
107981.13
108067.87
108154.72
108137.66
108125.63
108270.82
108053.46
108029.97
108078.06
108085.23
108112.21
108148.57
108125.99
108193.23
108058.0
108101.99
108090.08
108010.0
108141.78
108096.75
108090.0
108188.47
108198.12
108206.99
108218.25
108060.02
108050.49
107989.11
108003.35
108121.98
108040.31
108005.27
107850.01
107990.93
108076.01
108232.99
108772.17
108933.25
108905.99
108856.92
108919.22
108463.99
108538.46
108665.47
109208.25
109228.73
109203.84
108823.07
109019.13
109364.52
109389.47
109128.73
109079.99
108774.5
109061.08
109011.7
108849.06
108664.14
108642.01
108346.85
108536.84
108223.14
108292.59
107976.91
107943.15
108024.53
108056.68
107886.85
108166.95
108019.23
108262.94
108299.99
107705.03
107766.2
107901.52
108019.24
108210.94
108299.72
108484.61
108262.36
108469.99
108832.77
108756.37
108949.19
109034.61
108376.0
108268.35
108439.37
108991.0
109147.56
108771.88
108630.54
108889.9
108917.01
108922.98
108940.39
108780.76
108611.53
108376.41
108553.61
108778.1
108840.01
108714.39
108654.16
108763.37
108900.0
109058.27
109330.77
109184.0
108900.29
109071.32
109408.71
109168.0
109536.49
111750.0
110714.97
110818.36
111382.17
111233.99
110916.66
111189.71
111213.91
111074.51
111150.0
111086.14
111233.34
111230.0
111233.33
111041.36
111088.51
111019.99
110869.0
110800.01
111247.57
111408.4
112643.48
113722.82
113420.0
113301.81
113493.16
116490.52
116008.38
116010.0
115590.63
115967.57
116672.57
116881.7
116918.16
117860.37
117648.33
117526.88
117964.76
118470.34
117983.78
117821.91
117878.11
117989.18
117858.16
116902.59
117393.39
117640.0
117694.01
118108.81
117664.46
117619.99
117615.89
117527.66
117407.99
117644.81
117599.99
117774.42
117646.44
117689.68
117847.66
117731.99
117929.65
118158.78
118077.32
117810.0
117559.97
117500.0
117389.47
117100.01
117191.08
117478.4
117504.0
117550.96
117023.36
117485.22
117385.37
117420.0
117316.1
117553.37
117620.0
117753.6
117879.22
117759.99
117888.51
117999.0
117895.78
117739.16
117747.99
118072.01
118432.11
118610.01
118766.94
118672.24
118528.01
118699.6
118992.73
118961.08
119083.6
118648.87
118520.01
119086.64
119061.4
119100.58
119647.88
120750.24
121400.0
122461.99
122130.99
122736.04
122578.0
121973.74
121905.48
121467.24
121918.0
121710.64
121158.89
119878.23
120268.87
119896.42
119644.94
119939.41
120167.07
120034.98
120057.01
119841.18
119497.92
118431.71
118251.05
117148.47
117480.48
117335.12
117070.54
116779.12
116777.47
116779.99
117016.48
117113.98
117204.18
118088.13
116008.19
116391.43
117188.01
117372.99
116719.55
116416.07
116419.02
117553.92
117827.74
117758.09
118112.89
117724.29
117317.27
117482.67
117600.92
117869.82
118276.3
118189.25
118699.99
119193.37
118736.25
118769.06
118613.43
118700.01
119056.8
119095.76
119291.91
119073.35
119512.2
119230.16
119921.96
119297.64
118639.34
118630.43
118894.33
118149.7
118330.57
118128.8
118485.4
118587.03
118452.51
118311.75
118330.93
118769.34
118340.01
117995.0
117867.08
118281.99
118770.94
118881.99
118558.61
119261.5
119580.0
118959.66
119436.86
120272.19
119766.71
119177.56
119739.06
120336.88
120096.43
120223.09
120403.4
120589.95
120251.0
119339.51
118642.01
118875.01
119250.72
119171.34
119442.44
118773.38
118139.99
117860.25
117553.42
117600.01
117310.72
117374.76
117405.0
117676.82
117683.71
117924.84
117739.7
118036.73
118201.03
118322.54
118134.83
118205.98
118164.42
118163.06
118101.82
118244.3
118440.38
118327.06
118242.04
118188.14
117668.14
118058.11
117973.99
117808.17
117859.1
118007.88
117720.01
117705.82
117792.98
117840.0
117942.31
117941.25
117970.49
117958.01
117949.98
117846.91
117824.48
118029.49
118151.14
117913.11
117888.21
117878.46
118085.43
118417.35
118468.41
118671.11
118557.78
118018.69
118361.79
118155.01
118087.67
117997.88
117479.93
117265.12
117352.06
117305.86
118183.92
118404.0
118331.61
118430.22
119169.25
119362.67
119016.83
118690.05
118578.14
118070.17
118172.82
118834.0
118828.99
118313.16
117738.44
117847.82
117162.28
116767.67
116939.4
117215.25
117348.96
117380.36
117123.69
117750.01
117027.81
117210.0
116555.01
117329.27
117847.26
117983.68
118289.99
118399.09
118955.99
119154.99
119293.7
118147.82
119060.0
118912.04
118681.26
119199.39
119733.69
119282.1
119703.28
119400.0
119844.23
119954.42
119546.56
119488.22
119090.73
118614.17
118996.0
118645.04
118417.99
118350.35
118423.21
118040.0
118372.12
118538.46
117980.7
117381.44
118204.99
118567.39
117712.53
118131.99
118379.45
118393.64
117900.0
118181.36
118568.99
118755.99
119060.0
119094.4
118960.6
118488.92
117941.86
117604.55
117466.81
118416.21
118775.28
118507.08
118373.99
118600.0
118531.42
118227.48
119057.11
119092.65
118529.97
119122.94
119044.29
118943.42
118722.02
118527.52
118280.01
118340.99
117664.56
117359.26
116353.67
115419.66
116102.7
115500.0
115284.25
115320.01
115202.55
116033.44
116308.48
116543.58
116105.96
116216.27
114960.01
115727.08
116185.32
116042.5
116491.53
116688.6
117040.01
117214.23
117279.97
117614.31
117496.0
117153.73
117469.0
117489.62
117496.81
117444.99
117350.71
117304.47
117557.14
117570.6
117971.93
117776.11
117914.17
118125.24
118064.99
118130.1
118081.18
118039.98
118095.15
118232.11
117956.32
118028.56
118007.02
117919.99
117952.0
118102.0
118309.99
118182.83
118215.1
118274.73
118263.4
118095.95
117950.47
117943.92
118184.92
118072.71
118097.39
118201.99
118422.16
118585.74
119090.45
119196.69
119021.33
118960.0
118754.13
119265.76
119495.17
119415.55
119236.72
119037.77
119434.14
119287.99
119218.05
119526.13
119448.02
118900.0
119072.45
118930.87
118764.53
118827.49
118845.24
118434.78
117985.93
118174.9
118028.88
117667.86
117776.56
118068.73
118044.93
118106.9
117854.35
118062.32
117979.8
117774.16
118095.6
118764.85
118533.93
118800.0
118764.85
118882.37
118923.8
118784.79
118317.75
118592.38
118906.85
118621.27
117823.67
117400.01
117739.03
117773.69
117606.72
117525.29
117514.28
117606.79
117848.03
117950.76
117744.77
117862.05
118024.11
118161.87
117993.52
117992.26
118287.31
118123.01
118372.73
118164.08
118020.18
117579.99
117739.02
117675.79
118714.35
118000.01
117734.8
117802.1
116523.14
116916.73
117175.71
117326.82
117486.49
117840.3
118415.8
118055.32
118447.52
118466.14
118511.53
118362.0
118691.78
118665.97
118593.94
118605.58
118505.02
118371.25
118626.18
118557.01
117913.18
118306.18
118538.53
117728.0
117658.8
116785.79
116514.0
116536.96
116010.6
115764.08
115427.27
115331.86
115966.12
115648.03
115695.52
115568.0
115156.51
115081.77
114615.99
114938.67
114762.58
115305.65
115732.48
114352.05
115619.8
115357.82
115015.6
114420.0
113836.93
113328.68
113951.09
113892.12
113141.05
113297.93
113822.97
113674.24
113702.24
113909.86
114025.75
113981.06
113697.85
113982.49
113682.01
113690.7
113550.89
113787.12
113620.01
113457.85
113099.89
112840.71
113200.25
112724.03
112327.65
112229.42
112780.0
112859.32
112862.14
112546.35
112956.04
113107.99
113517.58
113604.2
113468.41
113618.52
113559.34
113700.0
113692.0
113654.95
113899.99
113862.18
114009.99
113939.0
113792.28
113959.06
113995.16
114117.42
114380.4
114313.19
114423.77
114435.47
114324.83
114208.8
114899.87
114671.96
114797.9
114570.61
114383.55
114391.26
114423.76
114652.97
114546.25
114325.92
114251.83
114493.09
114444.36
114913.88
114736.78
114826.0
115301.0
115193.41
114957.64
114777.62
114811.96
115111.09
115325.88
115055.03
114886.96
114708.11
114719.27
114256.85
114338.06
114405.99
114178.63
113969.7
114281.09
114694.76
114841.27
114827.07
113937.35
114381.43
113037.12
112934.0
113175.73
113640.01
113644.71
113616.52
113690.71
113606.53
113961.25
114129.75
113879.7
113821.21
113623.22
113509.97
113429.21
114148.01
114084.93
114227.91
113948.22
114093.15
114067.2
114226.69
113914.31
114270.09
115187.96
115413.87
115132.49
115500.0
115423.22
115259.99
115045.64
115048.78
115106.67
114992.27
114890.65
114763.46
114565.28
114546.03
114349.58
114568.73
114650.01
114787.99
114948.74
115062.19
116347.22
116519.53
116390.0
116640.0
116363.16
116689.81
116259.24
116511.54
116561.05
117461.98
117182.19
117105.78
117554.23
117472.01
117264.12
116888.02
116700.0
116737.35
116750.01
116530.63
116740.01
116817.19
116620.63
116685.17
116544.39
116891.51
116500.48
116917.97
116491.53
116207.69
116193.63
116708.86
116497.99
116453.41
116888.52
116931.44
116888.9
116674.74
116586.0
116563.26
116404.0
116384.01
116434.76
116739.23
116650.75
116756.01
117106.65
117510.87
117424.16
117110.0
117116.64
116968.32
116972.87
116892.47
116648.51
116670.22
116634.91
116535.69
116778.07
116524.09
116541.63
116462.25
116749.47
116576.42
117317.99
118500.0
118485.45
118045.0
118074.24
117808.3
118308.85
118293.08
118020.0
118330.58
118514.0
118452.0
118779.0
118815.0
118671.74
118520.32
118554.01
118663.08
118323.16
118716.9
119084.92
119294.01
119126.35
119988.0
121876.0
121728.99
122080.0
122059.34
122300.63
121537.15
121679.13
121439.75
121184.84
120561.54
119643.7
120010.0
120243.59
120314.4
119953.65
119500.0
119773.92
119089.3
118824.34
118712.61
118886.96
118686.0
118949.31
118977.1
119054.13
118857.7
119067.97
118819.99
118839.97
118986.72
118814.7
118408.38
118449.99
118522.22
119264.66
118847.35
119437.12
119933.0
119647.7
119269.99
119344.9
119665.27
120192.1
119903.36
120099.99
120134.08
119713.19
119478.47
119549.37
119482.01
119335.01
119070.69
119410.01
119580.4
120044.49
120116.02
120496.0
120570.41
120273.72
121767.97
120890.73
120920.62
121421.77
121823.24
121639.2
122744.21
122904.01
122561.16
122954.03
123306.43
123847.83
123337.67
123662.53
123337.14
123003.17
122134.76
121771.27
121725.31
121637.78
121649.84
120933.0
120949.67
118866.37
118428.85
118799.01
118257.25
117866.42
117920.13
118089.75
117945.92
117866.16
117899.16
118285.46
118295.09
118181.97
118681.64
118698.0
118968.91
118833.03
118984.29
119082.82
118956.45
118878.72
118707.99
118879.83
119006.01
118648.66
117770.48
117400.0
117275.22
117353.36
117586.92
117159.66
116936.27
117280.0
117320.02
117702.0
117342.05
117735.21
117821.6
117505.51
117429.63
117815.66
117595.78
117394.65
117596.07
117631.09
117312.0
117388.0
117378.52
117747.36
117623.52
117771.39
117676.7
117747.65
117693.0
117685.79
117672.12
117655.41
117452.21
117460.56
117380.66
117255.19
117439.97
117606.0
117684.95
118076.11
118000.01
117923.99
118005.98
118366.06
118345.99
118393.34
118308.01
118162.6
118429.99
118150.01
118246.16
117834.56
117900.0
117542.01
117570.07
117599.44
117700.0
117954.99
117405.01
117290.19
116269.54
115453.24
115319.0
115469.51
115687.99
115245.56
115205.98
115135.43
115038.46
115058.58
114947.27
115519.99
114839.13
115633.73
116145.34
115962.24
116428.99
116481.81
116313.99
116407.99
116648.99
116399.99
116227.05
116563.13
115798.0
115747.08
114810.0
115305.99
114972.9
115019.99
114978.14
115186.48
115322.7
115400.0
115508.71
115599.99
115192.0
113882.66
113786.38
113388.3
113520.11
113069.61
113132.48
113570.44
113419.11
113174.42
112872.94
113215.5
112996.93
113438.29
113525.91
113633.47
113708.0
113653.28
113490.13
114010.0
113699.98
113792.2
113666.68
113659.01
112693.15
113465.84
113353.94
113839.99
114197.53
113490.01
114276.66
114370.0
114356.24
114595.19
114271.24
114292.14
114729.94
114038.0
113954.62
113800.0
113995.12
113807.2
113896.03
113588.45
113376.85
113329.74
113148.66
113095.29
113486.98
113281.99
112792.08
112379.58
112410.91
112602.62
112193.71
112450.3
112628.76
112511.2
112500.0
112630.87
112840.08
113153.96
112929.24
112847.63
113241.99
112998.3
113094.83
112980.34
113049.67
112534.54
112320.0
112341.5
112487.11
115808.23
116370.75
116146.47
117024.0
116805.27
116655.79
117052.65
117028.27
116757.18
116935.99
116870.22
116453.59
115927.98
115568.77
115926.77
115954.51
115781.16
115799.47
115746.12
115765.82
115575.72
115310.13
115213.6
114864.92
114621.47
114812.87
115020.0
115087.97
115145.77
115133.91
115325.81
115028.0
115317.85
115438.05
115375.35
115473.99
115005.15
115036.0
115174.3
114996.01
114862.4
114888.19
114838.02
114841.17
114790.4
114730.22
114673.81
114555.0
114514.05
114400.0
114275.0
114423.42
114626.97
112600.0
112770.39
112988.39
113451.02
113493.59
112645.1
113066.94
113412.36
112916.84
112764.0
112310.0
111929.87
111511.55
111414.3
111800.01
110984.03
111214.97
111586.31
111491.69
112260.0
112200.64
112502.43
112431.4
112402.9
110716.13
109561.96
109888.01
110153.23
110111.98
109100.23
109897.2
109710.96
109879.56
110100.01
110196.01
109988.18
110303.2
110102.02
110152.89
110216.53
109876.52
110216.81
110094.66
110358.13
109666.33
110153.84
109988.07
110695.58
111116.03
111321.58
111584.6
111910.01
111763.22
111356.37
111299.48
111135.37
111418.15
111570.81
111372.18
111040.09
110725.18
110520.46
